Start Buffer: size=834
FL, LA, RA, FR, dCount, mazeLoc, fwdSpeed, rotSpeed, lVolt, rVolt
Robot Data: [1, 97, 100, 2, 14, 0, 1400, 0, 66, 62]
Robot Data: [1, 97, 104, 2, 20, 0, 1960, 0, 78, 75]
Robot Data: [1, 97, 102, 1, 16, 0, 2240, 0, 78, 75]
Robot Data: [1, 96, 103, 2, 18, 0, 2520, 0, 87, 88]
Robot Data: [1, 97, 102, 1, 22, 0, 2800, 0, 91, 91]
Robot Data: [1, 95, 102, 1, 27, 0, 3080, 0, 88, 84]
Robot Data: [1, 93, 111, 1, 30, 0, 3360, 0, 103, 80]
Robot Data: [0, 88, 113, 2, 27, 0, 3640, 0, 126, 114]
Robot Data: [2, 88, 118, 2, 31, 0, 3920, 0, 128, 122]
Robot Data: [2, 90, 129, 0, 36, 0, 4200, 0, 121, 130]
Robot Data: [1, 82, 139, 2, 42, 0, 4480, 0, 115, 118]
Robot Data: [1, 75, 156, 2, 43, 0, 4760, 0, 132, 127]
Robot Data: [1, 74, 169, 1, 43, 0, 5040, 0, 151, 143]
Robot Data: [1, 72, 175, 1, 47, 0, 5320, 0, 150, 151]
Robot Data: [1, 70, 184, 1, 54, 0, 5600, 0, 142, 142]
Robot Data: [2, 66, 191, 2, 54, 0, 5880, 0, 153, 157]
Robot Data: [2, 66, 200, 1, 56, 0, 6160, 0, 165, 164]
Robot Data: [3, 61, 208, 2, 60, 0, 6440, 0, 167, 167]
Robot Data: [2, 55, 217, 2, 61, 0, 6720, 0, 177, 184]
Robot Data: [3, 50, 226, 1, 65, 0, 7000, 0, 173, 195]
Robot Data: [2, 47, 233, 3, 68, 0, 7280, 0, 172, 200]
Robot Data: [3, 46, 244, 2, 71, 0, 7000, 0, 154, 177]
Robot Data: [2, 45, 253, 4, 72, 0, 6720, 0, 132, 159]
Robot Data: [3, 45, 256, 3, 71, 0, 6440, 0, 120, 143]
Robot Data: [5, 44, 257, 3, 67, 0, 6160, 0, 118, 137]
Robot Data: [6, 45, 255, 3, 66, 0, 5880, 0, 105, 121]
Robot Data: [9, 43, 251, 3, 64, 0, 5600, 0, 96, 113]
Robot Data: [14, 48, 243, 6, 61, 0, 5320, 0, 92, 101]
Robot Data: [16, 51, 232, 9, 58, 0, 5040, 0, 87, 90]
Robot Data: [15, 52, 195, 10, 55, 0, 4760, 0, 83, 78]
Robot Data: [20, 55, 16, 14, 54, 0, 4480, 0, 70, 59]
Robot Data: [22, 61, 4, 18, 50, 0, 4200, 0, 68, 58]
Robot Data: [23, 57, 5, 21, 47, 0, 3920, 0, 66, 44]
Robot Data: [25, 57, 5, 23, 42, 0, 3640, 0, 61, 49]
Robot Data: [30, 61, 3, 27, 41, 0, 3360, 0, 39, 41]
Robot Data: [30, 58, 5, 30, 38, 0, 3080, 0, 26, 38]
Robot Data: [36, 56, 4, 34, 32, 0, 2800, 0, 38, 40]
Robot Data: [38, 58, 5, 37, 31, 0, 2520, 0, 24, 27]
Robot Data: [43, 58, 7, 41, 29, 0, 2240, 0, 19, 11]
Robot Data: [45, 58, 5, 45, 24, 0, 2000, 0, 21, 18]
Robot Data: [51, 61, 5, 50, 21, 0, 2000, 0, 31, 27]
Robot Data: [52, 60, 7, 52, 20, 0, 2000, 0, 32, 33]
Robot Data: [60, 59, 5, 57, 21, 2, 2000, 0, 26, 30]
Robot Data: [63, 61, 5, 62, 19, 2, 2000, -303, 38, 34]
Robot Data: [64, 60, 5, 63, 18, 2, 2000, -606, 55, 25]
Robot Data: [67, 60, 7, 66, 18, 2, 2000, -909, 66, 16]
Robot Data: [72, 60, 8, 68, 19, 2, 2000, -1212, 72, 5]
Robot Data: [78, 57, 7, 67, 17, 2, 2000, -1515, 86, 7]
Robot Data: [91, 55, 6, 64, 18, 2, 2000, -1818, 87, 2]
Robot Data: [109, 63, 9, 59, 18, 2, 2000, -2121, 89, 2]
Robot Data: [133, 64, 10, 47, 17, 2, 2000, -2424, 92, 9]
Robot Data: [143, 69, 10, 30, 18, 2, 2000, -2727, 90, 7]
Robot Data: [132, 86, 8, 7, 18, 2, 2000, -3030, 89, 10]
Robot Data: [125, 105, 4, 4, 19, 2, 2000, -3108, 87, 6]
Robot Data: [124, 125, 3, 4, 19, 2, 2000, -3108, 84, 11]
Robot Data: [128, 148, 2, 4, 19, 2, 2000, -3108, 79, 17]
Robot Data: [124, 177, 2, 4, 20, 2, 2000, -3108, 71, 18]
Robot Data: [124, 204, 3, 5, 21, 2, 2000, -3108, 69, 12]
Robot Data: [119, 250, 0, 5, 20, 2, 2000, -3108, 72, 15]
Robot Data: [111, 303, 3, 8, 19, 2, 2000, -3108, 78, 17]
Robot Data: [96, 314, 1, 8, 20, 2, 2000, -3108, 77, 12]
Robot Data: [46, 270, 2, 5, 20, 2, 2000, -3108, 78, 11]
Robot Data: [10, 225, 3, 3, 20, 2, 2000, -3108, 76, 13]
Robot Data: [7, 166, 5, 2, 19, 2, 2000, -3108, 82, 15]
Robot Data: [9, 28, 11, 2, 20, 2, 2000, -3108, 79, 11]
Robot Data: [13, 8, 22, 1, 21, 2, 2000, -2805, 70, 12]
Robot Data: [13, 6, 40, 2, 20, 2, 2000, -2502, 65, 24]
Robot Data: [17, 5, 65, 0, 19, 2, 2000, -2199, 58, 39]
Robot Data: [10, 5, 98, 2, 21, 2, 2000, -1896, 41, 41]
Robot Data: [4, 6, 136, 2, 20, 2, 2000, -1593, 40, 48]
Robot Data: [3, 6, 162, 2, 19, 2, 2000, -1290, 35, 62]
Robot Data: [1, 6, 183, 2, 20, 2, 2000, -987, 29, 61]
Robot Data: [2, 10, 200, 2, 20, 2, 2000, -684, 28, 62]
Robot Data: [3, 11, 206, 2, 20, 2, 2000, -381, 30, 60]
Robot Data: [2, 8, 201, 2, 20, 2, 2000, -78, 34, 56]
Robot Data: [4, 9, 199, 2, 20, 2, 2000, 0, 41, 49]
Robot Data: [2, 9, 192, 1, 20, 2, 2000, 0, 44, 46]
Robot Data: [3, 9, 179, 3, 20, 18, 2000, 0, 39, 51]
Robot Data: [3, 10, 172, 3, 20, 18, 2280, 0, 51, 61]
Robot Data: [5, 9, 163, 2, 21, 18, 2560, 0, 64, 74]
Robot Data: [6, 10, 157, 3, 22, 18, 2840, 0, 83, 82]
Robot Data: [4, 10, 148, 2, 25, 18, 3120, 0, 94, 86]
Robot Data: [5, 10, 140, 2, 26, 18, 3400, 0, 110, 99]
Robot Data: [4, 11, 133, 2, 30, 18, 3680, 0, 112, 98]
Robot Data: [4, 13, 130, 2, 33, 18, 3960, 0, 118, 105]
Robot Data: [3, 16, 127, 2, 37, 18, 4240, 0, 120, 110]
Robot Data: [4, 18, 122, 1, 39, 18, 4520, 0, 124, 126]
Robot Data: [2, 25, 123, 1, 43, 18, 4800, 0, 126, 130]
Robot Data: [2, 29, 120, 1, 45, 18, 5080, 0, 131, 138]
Robot Data: [1, 44, 122, 0, 48, 18, 5360, 0, 136, 146]
Robot Data: [1, 59, 125, 0, 53, 18, 5640, 0, 139, 141]
Robot Data: [2, 78, 128, 1, 56, 18, 5920, 0, 145, 145]
Robot Data: [2, 47, 122, 1, 54, 18, 5640, 0, 139, 139]
Robot Data: [1, 8, 123, 1, 56, 18, 5360, 0, 117, 117]
Robot Data: [4, 2, 119, 1, 55, 18, 5080, 0, 102, 106]
Robot Data: [3, 3, 117, 1, 54, 18, 4800, 0, 88, 99]
Robot Data: [4, 2, 113, 1, 52, 18, 4520, 0, 80, 86]
Robot Data: [6, 4, 111, 3, 49, 18, 4240, 0, 76, 75]
Robot Data: [7, 3, 110, 6, 46, 18, 3960, 0, 74, 62]
Robot Data: [7, 3, 111, 6, 44, 18, 3680, 0, 59, 53]
Robot Data: [7, 4, 105, 7, 40, 18, 3400, 0, 59, 53]
Robot Data: [7, 5, 101, 8, 39, 18, 3120, 0, 41, 42]
Robot Data: [7, 6, 100, 9, 34, 18, 2840, 0, 43, 39]
Robot Data: [8, 7, 97, 8, 33, 18, 2560, 0, 24, 28]
Robot Data: [9, 9, 98, 10, 29, 34, 2280, 0, 18, 26]
Robot Data: [10, 10, 93, 9, 26, 34, 2000, 0, 13, 24]
Robot Data: [7, 12, 95, 8, 21, 34, 2000, 0, 35, 34]
Robot Data: [8, 12, 91, 10, 23, 34, 2000, 0, 30, 22]
Robot Data: [8, 15, 92, 10, 22, 34, 2000, 0, 32, 25]
Robot Data: [7, 16, 88, 11, 21, 34, 2000, 0, 31, 32]
Robot Data: [8, 20, 92, 12, 20, 34, 2000, 0, 34, 34]
Robot Data: [8, 23, 92, 13, 20, 34, 2000, 303, 29, 40]
Robot Data: [9, 25, 89, 13, 18, 34, 2000, 606, 25, 59]
Robot Data: [10, 27, 88, 13, 19, 34, 2000, 909, 19, 60]
Robot Data: [10, 27, 80, 13, 18, 34, 2000, 1212, 14, 74]
Robot Data: [11, 28, 79, 13, 18, 34, 2000, 1515, 7, 83]
Robot Data: [11, 26, 63, 14, 17, 34, 2000, 1818, 8, 92]
Robot Data: [15, 20, 48, 14, 19, 34, 2000, 2121, 0, 88]
Robot Data: [37, 14, 30, 11, 18, 34, 2000, 2424, 5, 92]
Robot Data: [77, 11, 21, 11, 19, 34, 2000, 2727, 4, 87]
Robot Data: [73, 5, 12, 10, 19, 34, 2000, 3030, 4, 88]
Robot Data: [72, 3, 13, 9, 20, 34, 2000, 3108, 3, 83]
Robot Data: [59, 3, 17, 8, 18, 34, 2000, 3108, 16, 85]
Robot Data: [46, 4, 16, 8, 19, 34, 2000, 3108, 20, 75]
Robot Data: [37, 5, 19, 8, 20, 34, 2000, 3108, 16, 73]
Robot Data: [24, 9, 35, 5, 20, 34, 2000, 3108, 18, 71]
Robot Data: [14, 4, 30, 6, 19, 34, 2000, 3108, 21, 75]
Robot Data: [6, 3, 28, 6, 20, 34, 2000, 3108, 16, 74]
Robot Data: [8, 3, 22, 21, 20, 34, 2000, 3108, 15, 76]
Robot Data: [2, 3, 17, 103, 20, 34, 2000, 3108, 13, 77]
Robot Data: [4, 4, 21, 125, 20, 34, 2000, 3108, 11, 79]
Robot Data: [4, 3, 98, 86, 20, 34, 2000, 3108, 13, 77]
Robot Data: [4, 8, 388, 59, 20, 34, 2000, 3108, 9, 81]
Robot Data: [6, 16, 376, 37, 20, 34, 2000, 2805, 18, 72]
Robot Data: [7, 25, 358, 16, 21, 34, 2000, 2502, 22, 60]
Robot Data: [7, 37, 301, 7, 20, 34, 2000, 2199, 38, 51]
Robot Data: [4, 52, 241, 4, 20, 34, 2000, 1896, 46, 43]
Robot Data: [4, 69, 203, 4, 19, 34, 2000, 1593, 58, 39]
Robot Data: [6, 82, 167, 7, 20, 34, 2000, 1290, 61, 29]
Robot Data: [5, 92, 147, 7, 19, 34, 2000, 987, 68, 30]
Robot Data: [5, 95, 132, 7, 20, 34, 2000, 684, 62, 29]
Robot Data: [6, 99, 127, 7, 19, 34, 2000, 381, 62, 37]
Robot Data: [7, 99, 128, 8, 20, 34, 2000, 78, 57, 35]
Robot Data: [5, 96, 128, 8, 20, 34, 2000, 0, 52, 40]
Robot Data: [6, 96, 135, 8, 20, 34, 2000, 0, 45, 47]
Robot Data: [7, 92, 138, 8, 20, 35, 2000, 0, 38, 54]
Robot Data: [6, 91, 143, 8, 20, 35, 2280, 0, 51, 64]
Robot Data: [6, 90, 143, 8, 20, 35, 2560, 0, 63, 85]
Robot Data: [6, 92, 142, 9, 23, 35, 2840, 0, 70, 90]
Robot Data: [6, 94, 136, 8, 25, 35, 3120, 0, 83, 99]
Robot Data: [5, 96, 125, 9, 27, 35, 3400, 0, 105, 98]
Robot Data: [7, 101, 118, 10, 31, 35, 3680, 0, 109, 94]
Robot Data: [7, 103, 111, 10, 32, 35, 3960, 0, 124, 107]
Robot Data: [8, 108, 107, 11, 36, 35, 4240, 0, 131, 107]
Robot Data: [6, 105, 100, 9, 39, 35, 4520, 0, 138, 115]
Robot Data: [5, 105, 100, 8, 43, 35, 4800, 0, 135, 124]
Robot Data: [6, 107, 102, 8, 45, 35, 5080, 0, 139, 133]
Robot Data: [5, 103, 101, 6, 48, 35, 5360, 0, 142, 143]
Robot Data: [3, 103, 102, 7, 54, 35, 5640, 0, 139, 135]
Robot Data: [6, 96, 101, 8, 54, 35, 5920, 0, 157, 150]
Robot Data: [6, 72, 67, 9, 55, 35, 5640, 0, 140, 134]
Robot Data: [7, 12, 17, 9, 56, 35, 5360, 0, 116, 121]
Robot Data: [10, 4, 6, 10, 56, 35, 5080, 0, 92, 111]
Robot Data: [13, 3, 3, 13, 53, 35, 4800, 0, 88, 109]
Robot Data: [16, 3, 5, 17, 52, 35, 4520, 0, 76, 92]
Robot Data: [23, 3, 8, 22, 49, 35, 4240, 0, 76, 77]
Robot Data: [28, 4, 7, 29, 47, 35, 3960, 0, 69, 61]
Robot Data: [29, 5, 9, 34, 44, 35, 3680, 0, 60, 54]
Robot Data: [32, 5, 10, 39, 40, 35, 3400, 0, 58, 55]
Robot Data: [38, 6, 11, 44, 40, 35, 3120, 0, 40, 36]
Robot Data: [41, 7, 12, 49, 36, 35, 2840, 0, 33, 33]
Robot Data: [48, 9, 16, 56, 32, 35, 2560, 0, 29, 29]
Robot Data: [54, 10, 21, 63, 29, 36, 2600, 0, 41, 41]
Robot Data: [60, 11, 22, 70, 27, 36, 2600, 303, 44, 51]
Robot Data: [65, 13, 25, 76, 26, 36, 2600, 606, 34, 68]
Robot Data: [68, 14, 30, 83, 28, 36, 2600, 909, 16, 69]
Robot Data: [71, 16, 36, 91, 27, 36, 2600, 1212, 15, 77]
Robot Data: [76, 17, 46, 103, 26, 36, 2600, 1515, 15, 83]
Robot Data: [77, 15, 55, 113, 25, 36, 2600, 1818, 18, 88]
Robot Data: [76, 13, 72, 120, 25, 36, 2600, 2121, 12, 94]
Robot Data: [69, 9, 99, 121, 24, 36, 2600, 2424, 18, 98]
Robot Data: [63, 7, 132, 122, 24, 36, 2600, 2727, 15, 103]
Robot Data: [56, 4, 175, 123, 24, 36, 2600, 3030, 15, 105]
Robot Data: [56, 4, 217, 127, 25, 36, 2600, 3108, 12, 103]
Robot Data: [48, 2, 259, 131, 25, 36, 2600, 3108, 18, 97]
Robot Data: [39, 3, 312, 134, 25, 36, 2600, 3108, 24, 93]
Robot Data: [28, 5, 369, 135, 25, 36, 2600, 3108, 32, 86]
Robot Data: [18, 5, 439, 134, 26, 36, 2600, 3108, 29, 82]
Robot Data: [14, 5, 538, 131, 26, 36, 2600, 3108, 31, 81]
Robot Data: [6, 5, 599, 121, 25, 36, 2600, 3108, 34, 85]
Robot Data: [6, 4, 569, 110, 25, 36, 2600, 3108, 33, 87]
Robot Data: [4, 3, 509, 96, 26, 36, 2600, 3108, 24, 89]
Robot Data: [3, 4, 466, 76, 25, 36, 2600, 3108, 25, 96]
Robot Data: [2, 4, 429, 61, 26, 36, 2600, 3108, 22, 93]
Robot Data: [5, 7, 337, 46, 25, 36, 2600, 3108, 26, 96]
Robot Data: [8, 11, 332, 31, 26, 36, 2600, 2805, 29, 87]
Robot Data: [7, 18, 307, 16, 26, 36, 2600, 2502, 39, 76]
Robot Data: [9, 33, 267, 7, 27, 36, 2600, 2199, 45, 63]
Robot Data: [7, 45, 225, 5, 26, 36, 2600, 1896, 57, 58]
Robot Data: [6, 59, 186, 5, 25, 36, 2600, 1593, 71, 51]
Robot Data: [7, 77, 156, 7, 27, 36, 2600, 1290, 70, 38]
Robot Data: [5, 84, 135, 7, 26, 36, 2600, 987, 76, 38]
Robot Data: [8, 95, 125, 8, 26, 36, 2600, 684, 73, 41]
Robot Data: [6, 94, 117, 7, 25, 36, 2600, 381, 74, 48]
Robot Data: [6, 96, 117, 9, 26, 36, 2320, 78, 54, 31]
Robot Data: [5, 95, 118, 8, 26, 36, 2040, 0, 29, 22]
Robot Data: [5, 94, 122, 8, 22, 36, 2000, 0, 36, 38]
Robot Data: [7, 88, 128, 9, 21, 20, 2000, 0, 36, 44]
Robot Data: [7, 86, 128, 9, 21, 20, 2280, 0, 42, 60]
Robot Data: [8, 85, 129, 8, 22, 20, 2560, 0, 53, 73]
Robot Data: [6, 86, 130, 9, 24, 20, 2840, 0, 68, 76]
Robot Data: [7, 91, 126, 9, 24, 20, 3120, 0, 85, 95]
Robot Data: [6, 93, 123, 9, 26, 20, 3400, 0, 102, 100]
Robot Data: [7, 97, 117, 11, 30, 20, 3680, 0, 105, 98]
Robot Data: [8, 98, 111, 11, 32, 20, 3960, 0, 120, 105]
Robot Data: [8, 98, 106, 11, 36, 20, 4240, 0, 126, 105]
Robot Data: [9, 99, 104, 11, 38, 20, 4520, 0, 133, 121]
Robot Data: [9, 102, 106, 10, 42, 20, 4800, 0, 133, 128]
Robot Data: [10, 98, 100, 10, 45, 20, 5080, 0, 133, 134]
Robot Data: [13, 97, 95, 11, 49, 20, 5360, 0, 134, 138]
Robot Data: [10, 88, 81, 11, 53, 20, 5640, 0, 148, 128]
Robot Data: [13, 39, 37, 13, 53, 20, 5920, 0, 163, 147]
Robot Data: [13, 7, 15, 12, 54, 20, 5640, 0, 140, 139]
Robot Data: [17, 5, 8, 14, 56, 20, 5360, 0, 111, 123]
Robot Data: [17, 4, 8, 15, 56, 20, 5080, 0, 91, 109]
Robot Data: [22, 5, 8, 17, 53, 20, 4800, 0, 89, 105]
Robot Data: [22, 5, 8, 19, 51, 20, 4520, 0, 82, 91]
Robot Data: [32, 7, 8, 26, 49, 20, 4240, 0, 79, 73]
Robot Data: [36, 8, 9, 30, 47, 20, 3960, 0, 68, 61]
Robot Data: [38, 9, 9, 34, 43, 20, 3680, 0, 64, 57]
Robot Data: [48, 10, 9, 40, 40, 20, 3400, 0, 60, 53]
Robot Data: [52, 13, 11, 44, 39, 20, 3120, 0, 49, 35]
Robot Data: [57, 14, 13, 49, 36, 20, 2840, 0, 37, 31]
Robot Data: [65, 18, 17, 55, 34, 20, 2560, 0, 19, 24]
Robot Data: [74, 20, 19, 63, 30, 4, 2600, 0, 29, 44]
Robot Data: [83, 24, 23, 69, 26, 4, 2600, -303, 47, 53]
Robot Data: [89, 27, 25, 76, 27, 4, 2600, -606, 61, 32]
Robot Data: [91, 29, 30, 82, 28, 4, 2600, -909, 67, 17]
Robot Data: [103, 36, 35, 89, 26, 4, 2600, -1212, 86, 11]
Robot Data: [114, 41, 34, 92, 26, 4, 2600, -1515, 91, 6]
Robot Data: [134, 53, 33, 93, 24, 4, 2600, -1818, 100, 13]
Robot Data: [155, 69, 31, 93, 25, 4, 2600, -2121, 95, 12]
Robot Data: [185, 96, 25, 89, 24, 4, 2600, -2424, 100, 16]
Robot Data: [207, 125, 20, 87, 24, 4, 2600, -2727, 97, 21]
Robot Data: [212, 161, 14, 76, 25, 4, 2600, -3030, 99, 14]
Robot Data: [215, 204, 13, 66, 24, 4, 2600, -3108, 103, 19]
Robot Data: [221, 251, 20, 63, 25, 4, 2600, -3108, 96, 20]
Robot Data: [233, 302, 27, 57, 25, 4, 2600, -3108, 93, 24]
Robot Data: [240, 349, 25, 48, 25, 4, 2600, -3108, 94, 24]
Robot Data: [249, 396, 29, 39, 26, 4, 2600, -3108, 85, 26]
Robot Data: [251, 456, 35, 29, 26, 4, 2600, -3108, 84, 27]
Robot Data: [248, 514, 37, 21, 27, 4, 2600, -3108, 82, 21]
Robot Data: [239, 515, 31, 15, 25, 4, 2600, -3108, 91, 27]
Robot Data: [228, 481, 30, 13, 25, 4, 2600, -3108, 93, 26]
Robot Data: [212, 438, 28, 17, 26, 4, 2600, -3108, 88, 25]
Robot Data: [193, 404, 27, 24, 26, 4, 2600, -3108, 88, 24]
Robot Data: [159, 345, 27, 22, 25, 4, 2600, -3108, 96, 24]
Robot Data: [125, 318, 21, 23, 26, 4, 2600, -2805, 84, 30]
Robot Data: [97, 331, 19, 27, 26, 4, 2600, -2502, 73, 40]
Robot Data: [69, 312, 18, 34, 26, 4, 2600, -2199, 65, 48]
Robot Data: [43, 284, 16, 37, 26, 4, 2600, -1896, 59, 55]
Robot Data: [26, 254, 14, 38, 26, 4, 2600, -1593, 51, 63]
Robot Data: [20, 227, 12, 38, 26, 4, 2600, -1290, 44, 70]
Robot Data: [26, 204, 12, 37, 26, 4, 2600, -987, 43, 70]
Robot Data: [38, 195, 13, 38, 26, 4, 2600, -684, 44, 70]
Robot Data: [47, 185, 11, 40, 26, 4, 2600, -381, 45, 68]
Robot Data: [53, 186, 14, 43, 26, 4, 2320, -78, 30, 53]
Robot Data: [55, 194, 16, 46, 24, 4, 2040, 0, 26, 38]
Robot Data: [53, 197, 19, 49, 22, 4, 2000, 0, 36, 38]
Robot Data: [54, 208, 23, 57, 22, 5, 2000, 0, 38, 34]
Robot Data: [55, 213, 23, 60, 21, 5, 2000, -303, 50, 28]
Robot Data: [54, 221, 26, 64, 20, 5, 2000, -606, 66, 18]
Robot Data: [58, 215, 27, 68, 20, 5, 2000, -909, 74, 11]
Robot Data: [71, 208, 27, 69, 20, 5, 2000, -1212, 80, 4]
Robot Data: [90, 195, 28, 68, 19, 5, 2000, -1515, 85, 7]
Robot Data: [102, 167, 25, 66, 19, 5, 2000, -1818, 89, 5]
Robot Data: [107, 133, 20, 63, 19, 5, 2000, -2121, 87, 7]
Robot Data: [122, 100, 16, 61, 19, 5, 2000, -2424, 86, 10]
Robot Data: [139, 78, 10, 56, 19, 5, 2000, -2727, 86, 10]
Robot Data: [144, 103, 8, 53, 19, 5, 2000, -3030, 91, 7]
Robot Data: [137, 109, 4, 48, 19, 5, 2000, -3108, 91, 8]
Robot Data: [133, 118, 2, 40, 20, 5, 2000, -3108, 86, 6]
Robot Data: [133, 141, 0, 37, 20, 5, 2000, -3108, 81, 12]
Robot Data: [131, 168, 1, 29, 20, 5, 2000, -3108, 77, 15]
Robot Data: [129, 196, 0, 24, 20, 5, 2000, -3108, 74, 18]
Robot Data: [122, 232, 1, 17, 20, 5, 2000, -3108, 73, 20]
Robot Data: [112, 289, 0, 11, 21, 5, 2000, -3108, 71, 13]
Robot Data: [103, 304, 1, 8, 20, 5, 2000, -3108, 76, 15]
Robot Data: [89, 264, 4, 4, 19, 5, 2000, -3108, 82, 17]
Robot Data: [77, 232, 4, 3, 21, 5, 2000, -3108, 76, 8]
Robot Data: [65, 207, 5, 2, 20, 5, 2000, -3108, 81, 10]
Robot Data: [53, 188, 11, 1, 19, 5, 2000, -3108, 85, 14]
Robot Data: [34, 166, 24, 1, 21, 5, 2000, -2805, 71, 13]
Robot Data: [22, 134, 41, 0, 20, 5, 2000, -2502, 66, 25]
Robot Data: [11, 122, 68, 1, 20, 5, 2000, -2199, 53, 38]
Robot Data: [7, 108, 106, 1, 21, 5, 2000, -1896, 42, 41]
Robot Data: [1, 94, 136, 1, 20, 5, 2000, -1593, 37, 53]
Robot Data: [2, 82, 166, 1, 20, 5, 2000, -1290, 32, 58]
Robot Data: [2, 73, 184, 1, 20, 5, 2000, -987, 29, 61]
Robot Data: [1, 66, 195, 1, 20, 5, 2000, -684, 30, 60]
Robot Data: [1, 63, 200, 1, 20, 5, 2000, -381, 32, 58]
Robot Data: [1, 66, 202, 1, 20, 5, 2000, -78, 36, 54]
Robot Data: [1, 68, 198, 1, 19, 5, 2000, 0, 45, 53]
Robot Data: [2, 70, 192, 2, 21, 5, 2000, 0, 41, 43]
Robot Data: [1, 74, 183, 0, 20, 21, 2000, 0, 41, 49]
Robot Data: [2, 77, 175, 1, 20, 21, 2280, 0, 53, 60]
Robot Data: [2, 78, 167, 0, 21, 21, 2560, 0, 68, 70]
Robot Data: [2, 80, 162, 1, 22, 21, 2840, 0, 85, 80]
Robot Data: [1, 83, 155, 1, 24, 21, 3120, 0, 95, 92]
Robot Data: [2, 85, 150, 1, 27, 21, 3400, 0, 105, 97]
Robot Data: [1, 88, 146, 2, 30, 21, 3680, 0, 110, 99]
Robot Data: [0, 91, 144, 2, 33, 21, 3960, 0, 115, 109]
Robot Data: [4, 89, 141, 0, 35, 21, 4240, 0, 122, 123]
Robot Data: [2, 90, 137, 1, 39, 21, 4520, 0, 124, 128]
Robot Data: [3, 91, 136, 0, 43, 21, 4800, 0, 126, 133]
Robot Data: [1, 92, 133, 0, 46, 21, 5080, 0, 127, 137]
Robot Data: [2, 92, 128, 0, 48, 21, 5360, 0, 139, 145]
Robot Data: [1, 96, 130, 1, 52, 21, 5640, 0, 145, 144]
Robot Data: [3, 94, 131, 0, 57, 21, 5920, 0, 150, 135]
Robot Data: [3, 90, 130, 0, 54, 21, 6200, 0, 177, 164]
Robot Data: [3, 95, 132, 0, 57, 21, 6480, 0, 174, 176]
Robot Data: [1, 93, 131, 1, 61, 21, 6760, 0, 172, 184]
Robot Data: [0, 84, 129, 0, 65, 21, 7040, 0, 172, 190]
Robot Data: [2, 85, 145, 0, 68, 21, 7320, 0, 181, 194]
Robot Data: [1, 87, 151, 0, 74, 21, 7600, 0, 182, 183]
Robot Data: [2, 85, 150, 0, 73, 21, 7880, 0, 203, 195]
Robot Data: [2, 84, 152, 1, 75, 21, 8160, 0, 211, 208]
Robot Data: [0, 80, 147, 1, 79, 21, 8440, 0, 210, 215]
Robot Data: [0, 81, 150, 1, 81, 21, 8720, 0, 213, 232]
Robot Data: [0, 79, 155, 1, 85, 21, 8900, 0, 210, 231]
Robot Data: [0, 77, 155, 0, 88, 21, 8900, 0, 205, 217]
Robot Data: [1, 80, 156, 1, 92, 21, 8900, 0, 193, 199]
Robot Data: [0, 78, 152, 0, 88, 21, 8900, 0, 209, 212]
Robot Data: [1, 81, 152, 1, 92, 21, 8900, 0, 193, 197]
Robot Data: [2, 81, 144, 0, 91, 21, 8900, 0, 198, 197]
Robot Data: [0, 78, 140, 1, 90, 21, 8900, 0, 200, 200]
Robot Data: [1, 76, 120, 0, 90, 21, 8900, 0, 202, 198]
Robot Data: [2, 90, 128, 1, 91, 21, 8900, 0, 197, 193]
Robot Data: [3, 96, 127, 1, 91, 21, 8900, 0, 196, 192]
Robot Data: [2, 96, 122, 1, 92, 21, 8900, 0, 187, 191]
Robot Data: [1, 99, 123, 1, 92, 21, 8900, 0, 188, 187]
Robot Data: [3, 100, 120, 0, 92, 21, 8900, 0, 186, 186]
Robot Data: [0, 100, 114, 1, 92, 21, 8900, 0, 188, 180]
Robot Data: [4, 102, 116, 1, 91, 21, 8900, 0, 192, 181]
Robot Data: [1, 100, 109, 1, 91, 21, 8900, 0, 186, 184]
Robot Data: [4, 100, 109, 1, 92, 21, 8900, 0, 176, 184]
Robot Data: [3, 99, 103, 1, 92, 21, 8900, 0, 175, 182]
Robot Data: [4, 97, 115, 1, 91, 21, 8900, 0, 181, 180]
Robot Data: [4, 103, 115, 0, 90, 21, 8900, 0, 185, 182]
Robot Data: [3, 109, 114, 0, 90, 21, 8900, 0, 185, 181]
Robot Data: [4, 114, 113, 1, 91, 21, 8900, 0, 178, 179]
Robot Data: [3, 115, 109, 1, 91, 21, 8900, 0, 179, 175]
Robot Data: [3, 120, 109, 1, 90, 21, 8900, 0, 182, 178]
Robot Data: [5, 118, 105, 0, 90, 21, 8900, 0, 177, 182]
Robot Data: [3, 119, 99, 1, 90, 21, 8900, 0, 179, 179]
Robot Data: [4, 122, 98, 0, 90, 21, 8900, 0, 182, 175]
Robot Data: [3, 123, 97, 0, 90, 21, 8900, 0, 183, 173]
Robot Data: [4, 126, 95, 0, 89, 21, 8900, 0, 184, 178]
Robot Data: [5, 126, 98, 0, 89, 21, 8900, 0, 183, 180]
Robot Data: [3, 137, 95, 1, 89, 21, 8900, 0, 185, 178]
Robot Data: [4, 141, 96, 1, 90, 21, 8900, 0, 183, 172]
Robot Data: [3, 146, 94, 1, 90, 21, 8900, 0, 182, 172]
Robot Data: [4, 140, 94, 1, 90, 21, 8900, 0, 177, 175]
Robot Data: [4, 144, 95, 1, 88, 21, 8900, 0, 183, 184]
Robot Data: [4, 146, 94, 1, 89, 21, 8900, 0, 180, 180]
Robot Data: [3, 142, 94, 1, 89, 21, 8900, 0, 182, 178]
Robot Data: [4, 144, 93, 1, 89, 21, 8900, 0, 184, 177]
Robot Data: [3, 146, 93, 1, 89, 21, 8900, 0, 182, 179]
Robot Data: [4, 145, 90, 1, 89, 21, 8900, 0, 180, 180]
Robot Data: [3, 142, 83, 3, 89, 21, 8900, 0, 182, 178]
Robot Data: [3, 141, 83, 2, 89, 21, 8900, 0, 182, 178]
Robot Data: [2, 148, 88, 2, 89, 21, 8900, 0, 182, 178]
Robot Data: [3, 149, 86, 1, 89, 21, 8900, 0, 184, 177]
Robot Data: [3, 149, 85, 1, 89, 21, 8900, 0, 185, 175]
Robot Data: [5, 149, 85, 2, 88, 21, 8900, 0, 191, 177]
Robot Data: [4, 150, 85, 2, 88, 21, 8900, 0, 189, 180]
Robot Data: [3, 152, 88, 2, 89, 21, 8900, 0, 184, 178]
Robot Data: [3, 148, 89, 2, 90, 21, 8900, 0, 177, 178]
Robot Data: [3, 143, 87, 2, 89, 21, 8900, 0, 183, 179]
Robot Data: [2, 142, 89, 2, 89, 21, 8620, 0, 167, 164]
Robot Data: [4, 140, 86, 2, 87, 21, 8340, 0, 160, 153]
Robot Data: [4, 132, 87, 2, 86, 21, 8060, 0, 148, 137]
Robot Data: [3, 119, 94, 3, 83, 21, 7780, 0, 137, 134]
Robot Data: [4, 123, 96, 2, 81, 21, 7500, 0, 128, 129]
Robot Data: [4, 120, 96, 2, 78, 21, 7220, 0, 118, 125]
Robot Data: [6, 121, 99, 4, 75, 21, 6940, 0, 115, 114]
Robot Data: [4, 117, 101, 4, 73, 21, 6660, 0, 108, 100]
Robot Data: [5, 117, 100, 4, 70, 21, 6380, 0, 99, 93]
Robot Data: [7, 114, 105, 5, 66, 21, 6100, 0, 100, 93]
Robot Data: [9, 112, 103, 5, 62, 21, 5820, 0, 97, 90]
Robot Data: [10, 110, 100, 6, 60, 21, 5540, 0, 82, 87]
Robot Data: [13, 109, 101, 8, 58, 21, 5260, 0, 70, 77]
Robot Data: [16, 108, 104, 8, 53, 21, 4980, 0, 77, 72]
Robot Data: [15, 109, 104, 10, 52, 21, 4700, 0, 70, 59]
Robot Data: [19, 102, 97, 11, 47, 21, 4420, 0, 77, 55]
Robot Data: [23, 113, 67, 11, 46, 21, 4140, 0, 61, 45]
Robot Data: [25, 109, 14, 12, 42, 21, 3860, 0, 53, 48]
Robot Data: [31, 110, 5, 14, 40, 21, 3580, 0, 30, 51]
Robot Data: [28, 106, 1, 16, 36, 21, 3300, 0, 36, 48]
Robot Data: [31, 104, 4, 16, 34, 21, 3020, 0, 28, 38]
Robot Data: [34, 100, 4, 17, 30, 21, 2740, 0, 37, 24]
Robot Data: [34, 97, 4, 19, 28, 21, 2460, 0, 32, 11]
Robot Data: [38, 95, 5, 21, 25, 21, 2180, 0, 22, 10]
Robot Data: [40, 94, 5, 22, 21, 21, 2000, 0, 22, 24]
Robot Data: [43, 94, 4, 23, 20, 21, 2000, 0, 20, 32]
Robot Data: [46, 90, 5, 25, 19, 133, 2000, 0, 23, 37]
Robot Data: [45, 89, 4, 25, 18, 133, 2000, 0, 30, 39]
Robot Data: [47, 93, 7, 27, 17, 133, 2000, 0, 40, 39]
Robot Data: [49, 95, 7, 28, 18, 133, 2000, 0, 37, 37]
Robot Data: [52, 96, 8, 31, 18, 133, 2000, 0, 40, 36]
Robot Data: [51, 95, 7, 32, 17, 133, 2000, 0, 47, 40]
Robot Data: [52, 97, 10, 34, 17, 133, 2000, 0, 50, 40]
Robot Data: [54, 94, 9, 35, 18, 133, 2000, 0, 48, 38]
Robot Data: [57, 94, 8, 36, 18, 133, 2000, 0, 49, 39]
Robot Data: [61, 94, 10, 38, 18, 133, 2000, 0, 46, 44]
Robot Data: [61, 93, 9, 38, 18, 133, 2000, 0, 46, 46]
Robot Data: [64, 88, 10, 40, 19, 133, 2000, 0, 39, 47]
Robot Data: [70, 89, 11, 44, 19, 133, 2000, 0, 43, 45]
Robot Data: [73, 86, 11, 46, 18, 133, 2000, -303, 50, 46]
Robot Data: [76, 87, 12, 48, 19, 133, 2000, -606, 61, 30]
Robot Data: [79, 84, 14, 51, 19, 133, 2000, -909, 71, 21]
Robot Data: [87, 81, 14, 53, 19, 133, 2000, -1212, 82, 11]
Robot Data: [94, 74, 14, 54, 19, 133, 2000, -1515, 88, 6]
Robot Data: [106, 65, 12, 51, 20, 133, 2000, -1818, 86, 2]
Robot Data: [120, 67, 10, 51, 19, 133, 2000, -2121, 90, 6]
Robot Data: [124, 86, 7, 46, 19, 133, 2000, -2424, 88, 9]
Robot Data: [120, 82, 7, 42, 19, 133, 2000, -2727, 89, 9]
Robot Data: [113, 89, 3, 41, 20, 133, 2000, -3030, 88, 4]
Robot Data: [113, 106, 0, 36, 20, 133, 2000, -3108, 86, 6]
Robot Data: [114, 127, 0, 31, 20, 133, 2000, -3108, 80, 11]
Robot Data: [113, 148, 0, 24, 20, 133, 2000, -3108, 77, 14]
Robot Data: [110, 172, 1, 19, 21, 133, 2000, -3108, 70, 14]
Robot Data: [106, 203, 0, 12, 19, 133, 2000, -3108, 74, 24]
Robot Data: [96, 251, 0, 7, 21, 133, 2000, -3108, 69, 15]
Robot Data: [87, 262, 1, 6, 21, 133, 2000, -3108, 72, 10]
Robot Data: [77, 238, 1, 4, 19, 133, 2000, -3108, 81, 16]
Robot Data: [69, 201, 4, 3, 21, 133, 2000, -3108, 75, 7]
Robot Data: [52, 177, 9, 1, 19, 133, 2000, -3108, 82, 15]
Robot Data: [41, 146, 20, 0, 21, 133, 2000, -3108, 77, 6]
Robot Data: [24, 136, 38, 0, 20, 133, 2000, -3108, 80, 9]
Robot Data: [16, 129, 70, 0, 20, 133, 2000, -2805, 72, 17]
Robot Data: [7, 107, 108, 0, 20, 133, 2000, -2502, 63, 26]
Robot Data: [3, 95, 161, 0, 21, 133, 2000, -2199, 47, 34]
Robot Data: [1, 72, 210, 1, 20, 133, 2000, -1896, 42, 45]
Robot Data: [0, 61, 255, 1, 19, 133, 2000, -1593, 38, 57]
Robot Data: [1, 49, 295, 3, 20, 133, 2000, -1290, 32, 57]
Robot Data: [1, 42, 325, 4, 20, 133, 2000, -987, 33, 56]
Robot Data: [0, 39, 341, 6, 20, 133, 2000, -684, 31, 58]
Robot Data: [1, 36, 352, 6, 20, 133, 2000, -381, 37, 52]
Robot Data: [1, 37, 357, 7, 20, 133, 2000, -78, 38, 51]
Robot Data: [1, 38, 358, 6, 20, 133, 2000, 0, 38, 51]
Robot Data: [0, 38, 357, 5, 20, 133, 2000, 0, 46, 43]
Robot Data: [0, 42, 350, 5, 21, 132, 2000, 0, 25, 56]
Robot Data: [1, 41, 344, 4, 19, 132, 2280, 0, 34, 84]
Robot Data: [1, 42, 330, 3, 20, 132, 2560, 0, 51, 94]
Robot Data: [1, 46, 310, 3, 22, 132, 2840, 0, 65, 100]
Robot Data: [0, 55, 278, 2, 26, 132, 3120, 0, 75, 96]
Robot Data: [1, 61, 246, 0, 27, 132, 3400, 0, 104, 96]
Robot Data: [1, 68, 217, 1, 29, 132, 3680, 0, 123, 92]
Robot Data: [2, 74, 194, 1, 33, 132, 3960, 0, 128, 94]
Robot Data: [3, 78, 178, 1, 37, 132, 4240, 0, 131, 98]
Robot Data: [2, 80, 167, 0, 39, 132, 4520, 0, 135, 114]
Robot Data: [1, 78, 160, 0, 41, 132, 4800, 0, 137, 134]
Robot Data: [1, 78, 159, 1, 47, 132, 5080, 0, 123, 132]
Robot Data: [0, 78, 163, 1, 50, 132, 5360, 0, 126, 140]
Robot Data: [1, 76, 163, 0, 53, 132, 5640, 0, 131, 145]
Robot Data: [0, 78, 160, 0, 52, 132, 5920, 0, 146, 171]
Robot Data: [1, 76, 155, 0, 55, 132, 6200, 0, 155, 178]
Robot Data: [1, 72, 167, 0, 59, 132, 6480, 0, 159, 174]
Robot Data: [2, 76, 156, 0, 63, 132, 6760, 0, 170, 167]
Robot Data: [0, 82, 150, 0, 66, 132, 7040, 0, 179, 171]
Robot Data: [0, 83, 143, 1, 66, 132, 7320, 0, 196, 189]
Robot Data: [1, 89, 138, 0, 69, 132, 7600, 0, 199, 200]
Robot Data: [2, 92, 133, 0, 73, 132, 7880, 0, 196, 203]
Robot Data: [0, 90, 128, 1, 78, 132, 8160, 0, 193, 204]
Robot Data: [1, 95, 126, 1, 80, 132, 8440, 0, 204, 210]
Robot Data: [2, 97, 117, 1, 82, 132, 8720, 0, 214, 221]
Robot Data: [1, 101, 116, 0, 86, 132, 8900, 0, 221, 208]
Robot Data: [1, 99, 112, 0, 89, 132, 8900, 0, 215, 194]
Robot Data: [1, 99, 114, 0, 88, 132, 8900, 0, 220, 197]
Robot Data: [3, 100, 114, 0, 88, 132, 8900, 0, 215, 203]
Robot Data: [1, 103, 113, 0, 91, 132, 8900, 0, 195, 201]
Robot Data: [0, 97, 115, 1, 90, 132, 8900, 0, 193, 208]
Robot Data: [1, 110, 118, 0, 91, 132, 8900, 0, 186, 207]
Robot Data: [0, 110, 119, 1, 91, 132, 8900, 0, 187, 203]
Robot Data: [2, 114, 119, 0, 92, 132, 8900, 0, 188, 193]
Robot Data: [4, 116, 116, 0, 90, 132, 8900, 0, 197, 196]
Robot Data: [2, 121, 110, 1, 92, 132, 8900, 0, 190, 186]
Robot Data: [3, 124, 108, 1, 91, 132, 8900, 0, 194, 187]
Robot Data: [3, 129, 103, 3, 92, 132, 8900, 0, 187, 184]
Robot Data: [3, 133, 97, 2, 92, 132, 8900, 0, 187, 180]
Robot Data: [3, 134, 92, 2, 92, 132, 8900, 0, 185, 178]
Robot Data: [3, 142, 83, 1, 92, 132, 8900, 0, 187, 173]
Robot Data: [4, 139, 14, 3, 91, 132, 8620, 0, 174, 160]
Robot Data: [2, 128, 7, 3, 90, 132, 8340, 0, 159, 146]
Robot Data: [3, 133, 6, 4, 88, 132, 8060, 0, 150, 133]
Robot Data: [3, 139, 7, 4, 85, 132, 7780, 0, 140, 127]
Robot Data: [4, 140, 9, 5, 81, 132, 7500, 0, 136, 130]
Robot Data: [4, 139, 11, 5, 80, 132, 7220, 0, 120, 117]
Robot Data: [6, 137, 15, 5, 77, 132, 6940, 0, 114, 106]
Robot Data: [5, 132, 16, 5, 73, 132, 6660, 0, 109, 103]
Robot Data: [7, 133, 25, 5, 70, 132, 6380, 0, 98, 99]
Robot Data: [6, 137, 34, 7, 67, 132, 6100, 0, 97, 93]
Robot Data: [6, 135, 48, 8, 64, 132, 5820, 0, 95, 80]
Robot Data: [9, 134, 61, 9, 60, 132, 5540, 0, 91, 78]
Robot Data: [10, 132, 50, 11, 57, 132, 5260, 0, 85, 71]
Robot Data: [11, 128, 12, 11, 55, 132, 4980, 0, 69, 67]
Robot Data: [13, 124, 4, 13, 52, 132, 4700, 0, 63, 67]
Robot Data: [16, 129, 7, 14, 47, 132, 4420, 0, 66, 66]
Robot Data: [21, 132, 5, 16, 45, 132, 4140, 0, 59, 55]
Robot Data: [22, 135, 4, 18, 43, 132, 3860, 0, 55, 40]
Robot Data: [27, 132, 4, 21, 40, 132, 3580, 0, 43, 38]
Robot Data: [32, 133, 6, 23, 36, 132, 3300, 0, 41, 43]
Robot Data: [37, 132, 7, 25, 32, 132, 3020, 0, 41, 41]
Robot Data: [37, 130, 7, 27, 32, 132, 2740, 0, 22, 26]
Robot Data: [44, 131, 8, 30, 28, 132, 2460, 0, 22, 21]
Robot Data: [49, 132, 8, 33, 25, 132, 2180, 0, 18, 14]
Robot Data: [50, 129, 9, 34, 21, 132, 2000, 0, 26, 19]
Robot Data: [52, 132, 9, 40, 19, 132, 2000, 0, 33, 27]
Robot Data: [58, 128, 9, 41, 19, 128, 2000, 0, 32, 29]
Robot Data: [60, 129, 13, 43, 18, 128, 2000, 0, 35, 35]
Robot Data: [62, 126, 12, 44, 18, 128, 2000, 0, 34, 38]
Robot Data: [64, 123, 14, 46, 17, 128, 2000, -303, 43, 39]
Robot Data: [65, 123, 13, 47, 18, 128, 2000, -606, 52, 25]
Robot Data: [68, 122, 15, 49, 18, 128, 2000, -909, 63, 17]
Robot Data: [71, 120, 17, 52, 18, 128, 2000, -1212, 71, 11]
Robot Data: [74, 111, 15, 51, 17, 128, 2000, -1515, 88, 4]
Robot Data: [83, 97, 13, 51, 17, 128, 2000, -1818, 93, 2]
Robot Data: [94, 78, 10, 48, 18, 128, 2000, -2121, 93, 2]
Robot Data: [110, 60, 9, 46, 17, 128, 2000, -2424, 95, 6]
Robot Data: [109, 71, 5, 40, 18, 128, 2000, -2727, 89, 7]
Robot Data: [103, 79, 3, 34, 19, 128, 2000, -3030, 85, 6]
Robot Data: [102, 81, 0, 31, 18, 128, 2000, -3108, 86, 14]
Robot Data: [100, 98, 0, 29, 19, 128, 2000, -3108, 80, 14]
Robot Data: [97, 116, 0, 23, 21, 128, 2000, -3108, 72, 8]
Robot Data: [97, 134, 0, 18, 19, 128, 2000, -3108, 75, 19]
Robot Data: [90, 159, 0, 12, 20, 128, 2000, -3108, 71, 17]
Robot Data: [85, 194, 0, 9, 19, 128, 2000, -3108, 75, 21]
Robot Data: [77, 213, 2, 5, 20, 128, 2000, -3108, 73, 16]
Robot Data: [67, 201, 2, 3, 20, 128, 2000, -3108, 75, 14]
Robot Data: [58, 172, 4, 2, 20, 128, 2000, -3108, 77, 12]
Robot Data: [45, 154, 9, 1, 19, 128, 2000, -3108, 84, 13]
Robot Data: [36, 143, 18, 1, 20, 128, 2000, -3108, 80, 10]
Robot Data: [26, 117, 35, 1, 20, 128, 2000, -3108, 78, 12]
Robot Data: [16, 95, 63, 1, 21, 128, 2000, -2805, 70, 12]
Robot Data: [8, 96, 105, 1, 19, 128, 2000, -2502, 67, 30]
Robot Data: [4, 80, 154, 1, 21, 128, 2000, -2199, 47, 35]
Robot Data: [1, 65, 212, 0, 20, 128, 2000, -1896, 43, 46]
Robot Data: [1, 52, 262, 2, 18, 128, 2000, -1593, 45, 60]
Robot Data: [0, 44, 307, 2, 20, 128, 2000, -1290, 33, 58]
Robot Data: [1, 41, 339, 4, 20, 128, 2000, -987, 30, 61]
Robot Data: [1, 37, 357, 4, 20, 128, 2000, -684, 31, 60]
Robot Data: [2, 36, 365, 5, 20, 128, 2000, -381, 34, 57]
Robot Data: [0, 35, 365, 6, 20, 128, 2000, -78, 36, 55]
Robot Data: [1, 36, 359, 5, 20, 128, 2000, 0, 43, 48]
Robot Data: [0, 39, 351, 4, 21, 128, 2000, 0, 42, 41]
Robot Data: [1, 41, 339, 3, 20, 112, 2000, 0, 31, 59]
Robot Data: [1, 43, 331, 3, 20, 112, 2280, 0, 37, 76]
Robot Data: [1, 44, 313, 1, 21, 112, 2560, 0, 51, 87]
Robot Data: [1, 47, 292, 2, 22, 112, 2840, 0, 66, 99]
Robot Data: [2, 54, 268, 1, 24, 112, 3120, 0, 89, 99]
Robot Data: [0, 60, 241, 1, 27, 112, 3400, 0, 102, 100]
Robot Data: [1, 65, 217, 0, 30, 112, 3680, 0, 113, 97]
Robot Data: [0, 70, 194, 1, 33, 112, 3960, 0, 124, 99]
Robot Data: [1, 73, 179, 1, 36, 112, 4240, 0, 128, 109]
Robot Data: [3, 75, 168, 1, 40, 112, 4520, 0, 128, 116]
Robot Data: [1, 77, 158, 1, 42, 112, 4800, 0, 135, 129]
Robot Data: [1, 77, 151, 1, 46, 112, 5080, 0, 129, 134]
Robot Data: [3, 77, 158, 0, 50, 112, 5360, 0, 132, 135]
Robot Data: [0, 78, 154, 1, 53, 112, 5640, 0, 139, 138]
Robot Data: [1, 78, 153, 0, 50, 112, 5920, 0, 165, 169]
Robot Data: [0, 75, 151, 0, 55, 112, 6200, 0, 161, 176]
Robot Data: [2, 79, 151, 0, 60, 112, 6480, 0, 154, 175]
Robot Data: [1, 73, 140, 0, 62, 112, 6760, 0, 168, 180]
Robot Data: [2, 75, 134, 0, 66, 112, 7040, 0, 172, 181]
Robot Data: [1, 83, 135, 0, 66, 112, 7320, 0, 197, 191]
Robot Data: [1, 87, 133, 1, 71, 112, 7600, 0, 197, 190]
Robot Data: [2, 90, 131, 1, 72, 112, 7880, 0, 207, 201]
Robot Data: [0, 91, 126, 1, 78, 112, 8160, 0, 193, 206]
Robot Data: [2, 91, 124, 0, 82, 112, 8440, 0, 196, 206]
Robot Data: [1, 94, 121, 1, 81, 112, 8720, 0, 222, 220]
Robot Data: [2, 92, 117, 0, 86, 112, 8900, 0, 219, 211]
Robot Data: [0, 97, 117, 1, 88, 112, 8900, 0, 210, 208]
Robot Data: [1, 98, 118, 1, 90, 112, 8900, 0, 205, 198]
Robot Data: [1, 98, 115, 1, 89, 112, 8900, 0, 205, 206]
Robot Data: [1, 98, 111, 1, 87, 112, 8900, 0, 211, 215]
Robot Data: [1, 99, 109, 1, 90, 112, 8900, 0, 201, 204]
Robot Data: [1, 98, 117, 1, 92, 112, 8900, 0, 192, 196]
Robot Data: [1, 114, 114, 1, 90, 112, 8900, 0, 198, 202]
Robot Data: [2, 116, 111, 1, 92, 112, 8900, 0, 192, 192]
Robot Data: [2, 117, 109, 2, 91, 112, 8900, 0, 196, 192]
Robot Data: [3, 122, 106, 2, 91, 112, 8900, 0, 195, 191]
Robot Data: [1, 125, 103, 2, 92, 112, 8900, 0, 190, 186]
Robot Data: [2, 132, 100, 3, 92, 112, 8900, 0, 188, 185]
Robot Data: [3, 136, 97, 3, 92, 112, 8900, 0, 186, 183]
Robot Data: [2, 140, 93, 2, 92, 112, 8900, 0, 187, 179]
Robot Data: [4, 144, 86, 3, 92, 112, 8900, 0, 185, 178]
Robot Data: [3, 145, 85, 3, 92, 112, 8620, 0, 168, 161]
Robot Data: [4, 151, 83, 4, 90, 112, 8340, 0, 159, 148]
Robot Data: [4, 137, 78, 4, 87, 112, 8060, 0, 153, 139]
Robot Data: [5, 147, 78, 4, 84, 112, 7780, 0, 145, 132]
Robot Data: [4, 154, 78, 5, 82, 112, 7500, 0, 137, 124]
Robot Data: [4, 154, 74, 5, 80, 112, 7220, 0, 124, 115]
Robot Data: [5, 160, 77, 6, 77, 112, 6940, 0, 116, 106]
Robot Data: [6, 160, 79, 7, 74, 112, 6660, 0, 108, 98]
Robot Data: [4, 160, 76, 7, 70, 112, 6380, 0, 102, 96]
Robot Data: [4, 160, 75, 8, 67, 112, 6100, 0, 95, 96]
Robot Data: [7, 162, 77, 9, 63, 112, 5820, 0, 96, 88]
Robot Data: [8, 161, 73, 10, 62, 112, 5540, 0, 83, 73]
Robot Data: [8, 165, 68, 11, 57, 112, 5260, 0, 83, 73]
Robot Data: [8, 162, 33, 12, 55, 112, 4980, 0, 73, 63]
Robot Data: [7, 158, 7, 14, 51, 112, 4700, 0, 76, 62]
Robot Data: [10, 150, 4, 15, 49, 112, 4420, 0, 64, 54]
Robot Data: [12, 172, 5, 15, 46, 112, 4140, 0, 61, 44]
Robot Data: [18, 170, 5, 18, 42, 112, 3860, 0, 62, 38]
Robot Data: [20, 162, 5, 19, 39, 112, 3580, 0, 48, 40]
Robot Data: [25, 156, 4, 19, 37, 112, 3300, 0, 31, 45]
Robot Data: [31, 150, 3, 22, 32, 112, 3020, 0, 31, 49]
Robot Data: [34, 143, 4, 22, 32, 112, 2740, 0, 17, 30]
Robot Data: [39, 141, 4, 25, 27, 112, 2460, 0, 24, 26]
Robot Data: [39, 143, 3, 26, 25, 112, 2180, 0, 20, 12]
Robot Data: [41, 144, 4, 28, 22, 112, 2000, 0, 24, 14]
Robot Data: [42, 149, 4, 30, 20, 112, 2000, 0, 33, 19]
Robot Data: [50, 144, 3, 32, 18, 48, 2000, 0, 34, 33]
Robot Data: [51, 143, 4, 32, 17, 48, 2000, 0, 38, 39]
Robot Data: [51, 138, 4, 33, 18, 48, 2000, 0, 34, 38]
Robot Data: [54, 138, 6, 36, 17, 48, 2000, 0, 39, 43]
Robot Data: [55, 131, 4, 35, 18, 48, 2000, 0, 37, 41]
Robot Data: [58, 131, 5, 38, 17, 48, 2000, 0, 40, 48]
Robot Data: [59, 131, 4, 39, 17, 48, 2000, 0, 44, 47]
Robot Data: [61, 133, 4, 40, 19, 48, 2000, 0, 38, 41]
Robot Data: [66, 140, 5, 44, 18, 48, 2000, 0, 42, 46]
Robot Data: [68, 142, 5, 48, 18, 48, 2000, 0, 47, 43]
Robot Data: [69, 144, 5, 51, 18, 48, 2000, -303, 57, 35]
Robot Data: [70, 140, 4, 53, 18, 48, 2000, -606, 67, 27]
Robot Data: [74, 142, 6, 55, 19, 48, 2000, -909, 72, 16]
Robot Data: [78, 134, 4, 57, 18, 48, 2000, -1212, 84, 14]
Robot Data: [83, 124, 5, 57, 20, 48, 2000, -1515, 81, 3]
Robot Data: [92, 102, 6, 55, 19, 48, 2000, -1818, 88, 4]
Robot Data: [111, 82, 8, 53, 19, 48, 2000, -2121, 87, 7]
Robot Data: [129, 69, 8, 49, 19, 48, 2000, -2424, 85, 9]
Robot Data: [129, 90, 9, 46, 19, 48, 2000, -2727, 86, 10]
Robot Data: [120, 90, 9, 35, 20, 48, 2000, -3030, 83, 6]
Robot Data: [115, 97, 12, 15, 20, 48, 2000, -3108, 85, 4]
Robot Data: [113, 118, 14, 3, 19, 48, 2000, -3108, 85, 12]
Robot Data: [115, 133, 17, 2, 19, 48, 2000, -3108, 82, 16]
Robot Data: [111, 158, 21, 2, 21, 48, 2000, -3108, 71, 12]
Robot Data: [107, 187, 29, 3, 20, 48, 2000, -3108, 75, 15]
Robot Data: [100, 235, 27, 5, 20, 48, 2000, -3108, 73, 17]
Robot Data: [91, 279, 24, 6, 20, 48, 2000, -3108, 72, 18]
Robot Data: [78, 249, 25, 8, 20, 48, 2000, -3108, 72, 18]
Robot Data: [66, 210, 26, 10, 20, 48, 2000, -3108, 74, 16]
Robot Data: [35, 181, 15, 12, 20, 48, 2000, -3108, 76, 15]
Robot Data: [9, 166, 15, 12, 20, 48, 2000, -3108, 81, 9]
Robot Data: [7, 146, 20, 15, 20, 48, 2000, -3108, 82, 8]
Robot Data: [10, 107, 38, 17, 20, 48, 2000, -2805, 74, 16]
Robot Data: [10, 9, 67, 21, 20, 48, 2000, -2502, 67, 23]
Robot Data: [13, 2, 109, 26, 21, 48, 2000, -2199, 49, 34]
Robot Data: [16, 3, 154, 30, 20, 48, 2000, -1896, 45, 44]
Robot Data: [19, 4, 196, 29, 20, 48, 2000, -1593, 37, 52]
Robot Data: [25, 4, 231, 31, 20, 48, 2000, -1290, 30, 59]
Robot Data: [28, 5, 252, 27, 20, 48, 2000, -987, 27, 62]
Robot Data: [30, 5, 264, 26, 20, 48, 2000, -684, 32, 57]
Robot Data: [28, 6, 269, 24, 19, 48, 2000, -381, 39, 58]
Robot Data: [34, 6, 271, 29, 20, 48, 2000, -78, 37, 53]
Robot Data: [34, 8, 266, 32, 20, 48, 2000, 0, 41, 49]
Robot Data: [35, 6, 259, 36, 20, 48, 2000, 0, 44, 46]
Robot Data: [38, 7, 253, 41, 20, 49, 2000, 0, 51, 39]
Robot Data: [39, 8, 247, 44, 20, 49, 2000, 0, 52, 38]
Robot Data: [38, 7, 242, 45, 20, 49, 2000, 0, 52, 38]
Robot Data: [39, 8, 240, 47, 20, 49, 2000, 0, 48, 42]
Robot Data: [43, 9, 244, 50, 20, 49, 2000, 0, 44, 46]
Robot Data: [47, 9, 246, 52, 20, 49, 2000, 0, 45, 45]
Robot Data: [47, 10, 246, 54, 21, 49, 2000, 0, 39, 43]
Robot Data: [50, 12, 249, 58, 20, 49, 2000, 0, 45, 44]
Robot Data: [56, 11, 250, 60, 20, 49, 2000, 0, 44, 44]
Robot Data: [58, 14, 250, 61, 19, 49, 2000, 303, 43, 54]
Robot Data: [61, 15, 251, 64, 20, 49, 2000, 606, 30, 60]
Robot Data: [64, 15, 249, 67, 20, 49, 2000, 909, 22, 68]
Robot Data: [67, 16, 239, 70, 19, 49, 2000, 1212, 19, 79]
Robot Data: [67, 16, 229, 74, 20, 49, 2000, 1515, 6, 86]
Robot Data: [65, 15, 201, 81, 20, 49, 2000, 1818, 4, 88]
Robot Data: [68, 13, 164, 92, 20, 49, 2000, 2121, 0, 91]
Robot Data: [65, 8, 123, 97, 20, 49, 2000, 2424, 5, 87]
Robot Data: [58, 6, 100, 95, 19, 49, 2000, 2727, 8, 91]
Robot Data: [53, 4, 133, 92, 20, 49, 2000, 3030, 2, 90]
Robot Data: [45, 3, 135, 91, 20, 49, 2000, 3108, 6, 86]
Robot Data: [40, 3, 155, 91, 19, 49, 2000, 3108, 18, 82]
Robot Data: [31, 3, 187, 90, 21, 49, 2000, 3108, 11, 74]
Robot Data: [24, 4, 215, 87, 21, 49, 2000, 3108, 12, 72]
Robot Data: [18, 5, 244, 85, 20, 49, 2000, 3108, 17, 74]
Robot Data: [12, 5, 296, 79, 19, 49, 2000, 3108, 25, 74]
Robot Data: [7, 4, 352, 69, 20, 49, 2000, 3108, 21, 71]
Robot Data: [5, 4, 353, 63, 20, 49, 2000, 3108, 17, 75]
Robot Data: [3, 2, 316, 54, 21, 49, 2000, 3108, 12, 73]
Robot Data: [2, 3, 279, 46, 20, 49, 2000, 3108, 11, 80]
Robot Data: [2, 4, 254, 34, 19, 49, 2000, 3108, 16, 83]
Robot Data: [5, 1, 229, 25, 20, 49, 2000, 3108, 13, 80]
Robot Data: [4, 2, 207, 14, 20, 49, 2000, 2805, 19, 73]
Robot Data: [4, 2, 174, 7, 21, 49, 2000, 2502, 24, 61]
Robot Data: [8, 1, 154, 4, 21, 49, 2000, 2199, 31, 52]
Robot Data: [8, 0, 129, 3, 20, 49, 2000, 1896, 45, 45]
Robot Data: [5, 2, 108, 4, 19, 49, 2000, 1593, 59, 39]
Robot Data: [5, 1, 92, 5, 21, 49, 2000, 1290, 58, 25]
Robot Data: [7, 2, 81, 4, 19, 49, 2000, 987, 68, 30]
Robot Data: [8, 4, 73, 6, 20, 49, 2000, 684, 62, 29]
Robot Data: [8, 3, 70, 5, 20, 49, 2000, 381, 58, 33]
Robot Data: [10, 1, 70, 6, 20, 49, 2000, 78, 55, 36]
Robot Data: [9, 2, 74, 7, 20, 49, 2000, 0, 48, 43]
Robot Data: [7, 2, 77, 6, 20, 49, 2000, 0, 43, 48]
Robot Data: [10, 2, 80, 7, 20, 33, 2000, 0, 42, 49]
Robot Data: [8, 2, 85, 6, 20, 33, 2000, 0, 40, 51]
Robot Data: [8, 2, 85, 7, 19, 33, 2000, 0, 43, 56]
Robot Data: [6, 2, 84, 7, 20, 33, 2000, 0, 41, 51]
Robot Data: [9, 2, 84, 8, 19, 33, 2000, 0, 47, 53]
Robot Data: [7, 3, 86, 8, 21, 33, 2000, 0, 43, 42]
Robot Data: [7, 0, 80, 8, 21, 33, 2000, 0, 42, 42]
Robot Data: [10, 2, 82, 9, 21, 33, 2000, 303, 36, 47]
Robot Data: [9, 2, 80, 8, 19, 33, 2000, 606, 34, 64]
Robot Data: [10, 1, 78, 8, 21, 33, 2000, 909, 23, 61]
Robot Data: [11, 2, 74, 8, 19, 33, 2000, 1212, 23, 75]
Robot Data: [16, 2, 67, 8, 19, 33, 2000, 1515, 17, 82]
Robot Data: [20, 3, 58, 9, 20, 33, 2000, 1818, 1, 91]
Robot Data: [22, 3, 50, 9, 20, 33, 2000, 2121, 1, 94]
Robot Data: [7, 3, 34, 10, 20, 33, 2000, 2424, 0, 93]
Robot Data: [4, 5, 26, 9, 20, 33, 2000, 2727, 2, 91]
Robot Data: [4, 5, 13, 8, 19, 33, 2000, 3030, 7, 93]
Robot Data: [4, 4, 10, 9, 20, 33, 2000, 3108, 7, 86]
Robot Data: [2, 8, 8, 6, 20, 33, 2000, 3108, 14, 79]
Robot Data: [2, 9, 12, 5, 20, 33, 2000, 3108, 15, 78]
Robot Data: [1, 17, 12, 13, 20, 33, 2000, 3108, 19, 75]
Robot Data: [5, 29, 14, 29, 21, 33, 2000, 3108, 16, 69]
Robot Data: [5, 98, 15, 39, 21, 33, 2000, 3108, 13, 71]
Robot Data: [8, 22, 18, 11, 19, 33, 2000, 3108, 21, 78]
Robot Data: [10, 19, 23, 3, 19, 33, 2000, 3108, 21, 79]
Robot Data: [12, 24, 18, 3, 22, 33, 2000, 3108, 5, 73]
Robot Data: [16, 25, 103, 4, 20, 33, 2000, 3108, 10, 81]
Robot Data: [17, 15, 45, 5, 20, 33, 2000, 3108, 12, 79]
Robot Data: [18, 21, 8, 5, 20, 33, 2000, 3108, 12, 79]
Robot Data: [26, 38, 8, 8, 20, 33, 2000, 2805, 20, 71]
Robot Data: [40, 68, 5, 10, 21, 33, 2000, 2502, 25, 59]
Robot Data: [42, 105, 6, 14, 20, 33, 2000, 2199, 34, 56]
Robot Data: [44, 149, 4, 18, 20, 33, 2000, 1896, 45, 45]
Robot Data: [45, 189, 5, 19, 19, 33, 2000, 1593, 63, 35]
Robot Data: [33, 228, 5, 26, 20, 33, 2000, 1290, 63, 28]
Robot Data: [28, 250, 7, 32, 20, 33, 2000, 987, 64, 27]
Robot Data: [27, 265, 8, 33, 21, 33, 2000, 684, 56, 27]
Robot Data: [24, 267, 8, 35, 19, 33, 2000, 381, 60, 38]
Robot Data: [29, 263, 8, 37, 21, 33, 2000, 78, 49, 34]
Robot Data: [33, 259, 8, 39, 19, 33, 2000, 0, 51, 46]
Robot Data: [35, 255, 10, 41, 20, 33, 2000, 0, 43, 48]
Robot Data: [43, 251, 10, 43, 21, 32, 2000, 0, 40, 43]
Robot Data: [48, 239, 9, 42, 19, 32, 2000, 0, 45, 53]
Robot Data: [52, 239, 11, 44, 20, 32, 2000, 0, 38, 53]
Robot Data: [57, 238, 12, 47, 20, 32, 2000, 0, 39, 52]
Robot Data: [66, 241, 13, 52, 20, 32, 2000, 0, 45, 46]
Robot Data: [66, 243, 17, 56, 19, 32, 2000, -303, 55, 44]
Robot Data: [67, 249, 17, 59, 21, 32, 2000, -606, 59, 25]
Robot Data: [72, 249, 19, 64, 20, 32, 2000, -909, 72, 19]
Robot Data: [81, 245, 23, 66, 19, 32, 2000, -1212, 84, 14]
Robot Data: [101, 232, 25, 65, 20, 32, 2000, -1515, 87, 5]
Robot Data: [117, 204, 19, 63, 20, 32, 2000, -1818, 92, 0]
Robot Data: [129, 165, 16, 60, 20, 32, 2000, -2121, 91, 1]
Robot Data: [127, 125, 11, 59, 19, 32, 2000, -2424, 93, 7]
Robot Data: [163, 107, 8, 57, 20, 32, 2000, -2727, 88, 6]
Robot Data: [151, 130, 6, 53, 20, 32, 2000, -3030, 87, 7]
Robot Data: [134, 123, 7, 46, 20, 32, 2000, -3108, 85, 8]
Robot Data: [139, 154, 11, 40, 21, 32, 2000, -3108, 76, 10]
Robot Data: [141, 180, 12, 36, 19, 32, 2000, -3108, 80, 20]
Robot Data: [140, 205, 14, 25, 20, 32, 2000, -3108, 77, 16]
Robot Data: [141, 233, 20, 18, 22, 32, 2000, -3108, 67, 11]
Robot Data: [136, 288, 25, 13, 20, 32, 2000, -3108, 74, 17]
Robot Data: [131, 385, 15, 9, 19, 32, 2000, -3108, 82, 17]
Robot Data: [119, 346, 14, 6, 21, 32, 2000, -3108, 76, 8]
Robot Data: [107, 309, 14, 6, 20, 32, 2000, -3108, 77, 14]
Robot Data: [94, 260, 16, 10, 20, 32, 2000, -3108, 77, 14]
Robot Data: [73, 232, 15, 9, 20, 32, 2000, -3108, 77, 14]
Robot Data: [60, 219, 14, 10, 20, 32, 2000, -3108, 77, 14]
Robot Data: [45, 192, 19, 11, 20, 32, 2000, -2805, 75, 16]
Robot Data: [23, 169, 37, 13, 20, 32, 2000, -2502, 68, 23]
Robot Data: [12, 139, 56, 16, 21, 32, 2000, -2199, 47, 36]
Robot Data: [8, 115, 84, 27, 21, 32, 2000, -1896, 42, 41]
Robot Data: [13, 97, 108, 20, 18, 32, 2000, -1593, 46, 58]
Robot Data: [19, 84, 131, 15, 20, 32, 2000, -1290, 33, 59]
Robot Data: [22, 71, 145, 16, 20, 32, 2000, -987, 30, 61]
Robot Data: [20, 64, 157, 17, 20, 32, 2000, -684, 29, 62]
Robot Data: [20, 66, 165, 18, 21, 32, 2000, -381, 27, 57]
Robot Data: [22, 65, 164, 19, 20, 32, 2000, -78, 34, 56]
Robot Data: [24, 67, 159, 18, 20, 32, 2000, 0, 37, 53]
Robot Data: [22, 70, 154, 18, 20, 32, 2000, 0, 46, 44]
Robot Data: [27, 76, 148, 20, 19, 16, 2000, 0, 55, 43]
Robot Data: [29, 79, 141, 21, 20, 16, 2000, 0, 53, 39]
Robot Data: [28, 78, 137, 22, 19, 16, 2000, 0, 58, 41]
Robot Data: [28, 79, 135, 22, 20, 16, 2000, 0, 54, 38]
Robot Data: [29, 79, 135, 24, 20, 16, 2000, 0, 51, 42]
Robot Data: [30, 81, 140, 24, 21, 16, 2000, 0, 43, 41]
Robot Data: [32, 77, 144, 25, 21, 16, 2000, 0, 39, 44]
Robot Data: [31, 73, 146, 27, 19, 16, 2000, 0, 45, 53]
Robot Data: [32, 73, 150, 26, 20, 16, 2000, 0, 42, 49]
Robot Data: [36, 72, 150, 29, 19, 16, 2000, 0, 44, 55]
Robot Data: [39, 74, 150, 30, 20, 16, 2000, 0, 43, 49]
Robot Data: [39, 74, 148, 29, 21, 16, 2000, 0, 39, 46]
Robot Data: [42, 78, 147, 34, 20, 16, 2000, 0, 46, 45]
Robot Data: [43, 76, 141, 36, 20, 16, 2000, 0, 48, 44]
Robot Data: [45, 81, 139, 39, 20, 16, 2000, 0, 49, 42]
Robot Data: [48, 81, 139, 42, 20, 16, 2000, 0, 49, 42]
Robot Data: [49, 80, 135, 45, 20, 16, 2000, 0, 47, 44]
Robot Data: [52, 81, 133, 47, 20, 16, 2000, 0, 45, 46]
Robot Data: [53, 78, 135, 50, 20, 16, 2000, 0, 48, 44]
Robot Data: [57, 80, 137, 53, 20, 16, 2000, 0, 47, 44]
Robot Data: [63, 79, 139, 56, 20, 16, 2000, 0, 45, 46]
Robot Data: [66, 79, 139, 59, 20, 16, 2000, 0, 44, 48]
Robot Data: [71, 79, 139, 61, 20, 16, 2000, 0, 44, 47]
Robot Data: [73, 79, 138, 65, 20, 16, 2000, 0, 44, 47]
Robot Data: [80, 79, 138, 70, 20, 16, 2000, 0, 44, 47]
Robot Data: [83, 80, 138, 76, 21, 16, 2000, 0, 40, 43]
Robot Data: [88, 82, 139, 80, 20, 16, 2000, 0, 47, 43]
Robot Data: [96, 85, 144, 88, 20, 16, 2000, 0, 47, 43]
Robot Data: [102, 86, 150, 96, 20, 16, 2000, 0, 45, 45]
Robot Data: [110, 91, 160, 102, 20, 16, 2000, 0, 45, 45]
Robot Data: [116, 97, 173, 110, 19, 16, 2000, 0, 49, 49]
Robot Data: [125, 104, 179, 120, 21, 16, 2000, 0, 42, 42]
Robot Data: [133, 117, 182, 130, 19, 16, 2000, 0, 47, 51]
Robot Data: [145, 121, 184, 138, 20, 16, 2000, 0, 46, 45]
Robot Data: [149, 125, 181, 152, 20, 16, 1720, 0, 30, 30]
Robot Data: [165, 122, 175, 170, 19, 16, 1440, 0, 17, 17]
Robot Data: [177, 120, 171, 188, 16, 16, 1160, 0, 11, 11]
Robot Data: [192, 127, 180, 203, 13, 16, 880, 0, 6, 2]
Robot Data: [201, 135, 191, 218, 12, 16, 600, 0, 6, 6]
Robot Data: [214, 143, 204, 232, 10, 16, 320, 0, 17, 17]
Robot Data: [227, 157, 224, 249, 12, 16, 300, 0, 3, 6]
Robot Data: [228, 159, 234, 270, 11, 16, 300, 0, 15, 8]
Robot Data: [243, 177, 253, 288, 12, 16, 300, 0, 13, 10]
Robot Data: [252, 188, 263, 302, 11, 16, 300, 0, 11, 14]
End Buffer
