Start Buffer: size=822
FL, LA, RA, FR, dCount, mazeLoc, fwdSpeed, rotSpeed, lVolt, rVolt, cte, steerAdj, loopTick
Robot Data: [1, 105, 99, 3, 14, 0, 1400, 0, 66, 62, 0, 0, 2847]
Robot Data: [3, 104, 94, 2, 19, 0, 1960, 0, 82, 78, 0, 0, 2849]
Robot Data: [1, 102, 93, 1, 16, 0, 2240, 0, 79, 75, 0, 0, 2850]
Robot Data: [2, 100, 95, 1, 18, 0, 2520, 0, 88, 88, 0, 0, 2851]
Robot Data: [1, 102, 96, 1, 22, 0, 2800, 0, 92, 92, 0, 0, 2852]
Robot Data: [2, 101, 94, 1, 25, 0, 3080, 0, 97, 93, 0, 0, 2853]
Robot Data: [3, 98, 98, 1, 31, 0, 3360, 0, 97, 82, 0, 0, 2854]
Robot Data: [2, 96, 104, 1, 29, 0, 3640, 0, 120, 107, 0, 0, 2855]
Robot Data: [2, 96, 108, 1, 29, 0, 3920, 0, 134, 132, 0, 0, 2856]
Robot Data: [2, 96, 118, 1, 35, 0, 4200, 0, 130, 131, 0, 0, 2857]
Robot Data: [1, 96, 128, 2, 42, 0, 4480, 0, 120, 117, 0, 0, 2858]
Robot Data: [1, 93, 142, 2, 41, 0, 4760, 0, 139, 139, 0, 0, 2859]
Robot Data: [1, 87, 143, 1, 44, 0, 5040, 0, 146, 146, 0, 0, 2860]
Robot Data: [2, 88, 151, 1, 47, 0, 5320, 0, 151, 155, 0, 0, 2861]
Robot Data: [2, 82, 155, 1, 53, 0, 5600, 0, 148, 148, 0, 0, 2862]
Robot Data: [3, 81, 162, 3, 55, 0, 5880, 0, 153, 153, 0, 0, 2863]
Robot Data: [1, 80, 164, 2, 56, 0, 6160, 0, 167, 167, 0, 0, 2864]
Robot Data: [0, 77, 167, 3, 58, 0, 6440, 0, 177, 177, 0, 0, 2865]
Robot Data: [2, 76, 171, 2, 63, 0, 6720, 0, 172, 180, 0, 0, 2866]
Robot Data: [3, 72, 184, 2, 67, 0, 7000, 0, 173, 183, 112, 3, 2867]
Robot Data: [2, 65, 189, 2, 69, 0, 7280, 0, 176, 190, 124, 3, 2868]
Robot Data: [3, 61, 198, 2, 69, 0, 7000, 0, 173, 174, 137, 4, 2869]
Robot Data: [4, 58, 203, 2, 72, 0, 6720, 0, 138, 157, 145, 4, 2870]
Robot Data: [6, 57, 208, 2, 70, 0, 6440, 0, 125, 149, 151, 4, 2871]
Robot Data: [5, 54, 208, 2, 68, 0, 6160, 0, 114, 138, 154, 4, 2872]
Robot Data: [10, 58, 212, 3, 65, 0, 5880, 0, 109, 128, 154, 4, 2873]
Robot Data: [12, 56, 206, 5, 63, 0, 5600, 0, 105, 117, 150, 4, 2874]
Robot Data: [16, 56, 200, 7, 60, 0, 5320, 0, 99, 108, 144, 4, 2875]
Robot Data: [17, 56, 183, 9, 59, 0, 5040, 0, 91, 85, 127, 3, 2876]
Robot Data: [19, 62, 93, 12, 58, 0, 4760, 0, 81, 62, 31, 0, 2877]
Robot Data: [20, 61, 5, 14, 55, 0, 4480, 0, 70, 54, 78, 2, 2878]
Robot Data: [22, 63, 4, 16, 49, 0, 4200, 0, 72, 63, 74, 2, 2879]
Robot Data: [24, 61, 5, 18, 46, 0, 3920, 0, 63, 57, -1, -1, 2880]
Robot Data: [29, 62, 4, 22, 42, 0, 3640, 0, 56, 57, -1, -1, 2881]
Robot Data: [31, 62, 5, 24, 40, 0, 3360, 0, 44, 48, -1, -1, 2882]
Robot Data: [36, 61, 7, 27, 38, 0, 3080, 0, 36, 32, -1, -1, 2883]
Robot Data: [38, 61, 6, 30, 32, 0, 2800, 0, 43, 40, -1, -1, 2884]
Robot Data: [41, 60, 6, 32, 31, 0, 2520, 0, 30, 26, -1, -1, 2885]
Robot Data: [44, 60, 9, 35, 28, 0, 2240, 0, 25, 17, -1, -1, 2886]
Robot Data: [49, 60, 5, 39, 25, 0, 2000, 0, 20, 17, -1, -1, 2887]
Robot Data: [53, 61, 6, 42, 21, 0, 2000, 0, 31, 31, -1, -1, 2888]
Robot Data: [55, 59, 7, 43, 21, 0, 2000, 0, 29, 33, -1, -1, 2889]
Robot Data: [60, 59, 5, 49, 20, 2, 2000, 0, 32, 36, 0, 0, 2890]
Robot Data: [64, 61, 6, 51, 20, 2, 2000, -303, 38, 30, 0, 0, 2891]
Robot Data: [65, 60, 6, 52, 18, 2, 2000, -606, 57, 27, 0, 0, 2892]
Robot Data: [68, 59, 6, 56, 18, 2, 2000, -909, 70, 16, 0, 0, 2893]
Robot Data: [72, 58, 8, 57, 19, 2, 2000, -1212, 73, 7, 0, 0, 2894]
Robot Data: [79, 55, 7, 56, 18, 2, 2000, -1515, 86, 3, 0, 0, 2895]
Robot Data: [95, 52, 6, 54, 17, 2, 2000, -1818, 93, 6, 0, 0, 2896]
Robot Data: [109, 63, 8, 47, 18, 2, 2000, -2121, 93, 2, 0, 0, 2897]
Robot Data: [124, 64, 8, 38, 17, 2, 2000, -2424, 95, 9, 0, 0, 2898]
Robot Data: [121, 66, 9, 15, 19, 2, 2000, -2727, 85, 7, 0, 0, 2899]
Robot Data: [113, 82, 8, 6, 18, 2, 2000, -3030, 93, 9, 0, 0, 2900]
Robot Data: [110, 94, 2, 3, 18, 2, 2000, -3108, 90, 14, 0, 0, 2901]
Robot Data: [109, 113, 1, 4, 19, 2, 2000, -3108, 84, 14, 0, 0, 2902]
Robot Data: [111, 135, 2, 4, 20, 2, 2000, -3108, 79, 12, 0, 0, 2903]
Robot Data: [107, 155, 1, 4, 20, 2, 2000, -3108, 79, 12, 0, 0, 2904]
Robot Data: [103, 184, 2, 5, 20, 2, 2000, -3108, 75, 16, 0, 0, 2905]
Robot Data: [97, 237, 0, 7, 20, 2, 2000, -3108, 74, 17, 0, 0, 2906]
Robot Data: [82, 275, 2, 6, 19, 2, 2000, -3108, 78, 21, 0, 0, 2907]
Robot Data: [53, 246, 2, 4, 20, 2, 2000, -3108, 75, 18, 0, 0, 2908]
Robot Data: [11, 202, 3, 3, 20, 2, 2000, -3108, 79, 14, 0, 0, 2909]
Robot Data: [6, 158, 4, 3, 20, 2, 2000, -3108, 82, 10, 0, 0, 2910]
Robot Data: [9, 107, 11, 2, 20, 2, 2000, -3108, 83, 9, 0, 0, 2911]
Robot Data: [10, 12, 21, 1, 19, 2, 2000, -3108, 87, 13, 0, 0, 2912]
Robot Data: [13, 5, 40, 1, 20, 2, 2000, -2805, 74, 20, 0, 0, 2913]
Robot Data: [13, 6, 72, 1, 20, 2, 2000, -2502, 67, 26, 0, 0, 2914]
Robot Data: [10, 6, 111, 2, 21, 2, 2000, -2199, 53, 33, 0, 0, 2915]
Robot Data: [6, 4, 158, 2, 20, 2, 2000, -1896, 46, 46, 0, 0, 2916]
Robot Data: [3, 6, 203, 1, 20, 2, 2000, -1593, 38, 54, 0, 0, 2917]
Robot Data: [3, 7, 236, 2, 20, 2, 2000, -1290, 32, 61, 0, 0, 2918]
Robot Data: [1, 8, 264, 2, 20, 2, 2000, -987, 31, 61, 0, 0, 2919]
Robot Data: [1, 7, 279, 2, 20, 2, 2000, -684, 35, 57, 0, 0, 2920]
Robot Data: [2, 9, 286, 4, 20, 2, 2000, -381, 34, 58, 0, 0, 2921]
Robot Data: [1, 10, 288, 4, 20, 2, 2000, -78, 37, 56, 0, 0, 2922]
Robot Data: [2, 10, 281, 3, 19, 2, 2000, 0, 46, 54, 0, 0, 2923]
Robot Data: [2, 10, 275, 3, 20, 2, 2000, 0, 48, 46, 0, 0, 2924]
Robot Data: [1, 11, 266, 2, 21, 18, 2280, 0, 37, 72, 255, 10, 2925]
Robot Data: [2, 10, 258, 2, 20, 18, 2560, 0, 51, 97, 255, 9, 2926]
Robot Data: [2, 11, 242, 2, 23, 18, 2840, 0, 59, 102, 255, 8, 2927]
Robot Data: [4, 10, 230, 2, 24, 18, 3120, 0, 79, 110, 255, 7, 2928]
Robot Data: [3, 9, 204, 3, 27, 18, 3400, 0, 97, 107, 208, 6, 2929]
Robot Data: [5, 11, 183, 4, 30, 18, 3680, 0, 113, 99, 166, 4, 2930]
Robot Data: [5, 10, 162, 2, 32, 18, 3960, 0, 131, 102, 124, 3, 2931]
Robot Data: [3, 9, 144, 1, 36, 18, 4240, 0, 140, 101, 88, 2, 2932]
Robot Data: [4, 10, 131, 2, 39, 18, 4520, 0, 142, 113, 62, 1, 2933]
Robot Data: [2, 14, 126, 1, 43, 18, 4800, 0, 140, 121, 52, 1, 2934]
Robot Data: [2, 18, 127, 0, 45, 18, 5080, 0, 139, 135, 54, 1, 2935]
Robot Data: [2, 24, 127, 0, 48, 18, 5360, 0, 139, 148, 54, 1, 2936]
Robot Data: [1, 41, 134, 1, 54, 18, 5640, 0, 135, 141, 93, 2, 2937]
Robot Data: [2, 60, 140, 1, 55, 18, 5920, 0, 143, 158, 80, 2, 2938]
Robot Data: [2, 57, 149, 1, 54, 18, 5640, 0, 131, 152, 92, 2, 2939]
Robot Data: [2, 11, 140, 1, 56, 18, 5360, 0, 109, 129, 80, 2, 2940]
Robot Data: [1, 3, 135, 1, 55, 18, 5080, 0, 98, 114, 70, 2, 2941]
Robot Data: [5, 1, 128, 1, 53, 18, 4800, 0, 95, 104, 56, 1, 2942]
Robot Data: [5, 2, 120, 2, 51, 18, 4520, 0, 88, 91, 40, 1, 2943]
Robot Data: [9, 2, 111, 2, 50, 18, 4240, 0, 81, 69, 22, 0, 2944]
Robot Data: [8, 2, 107, 5, 46, 18, 3960, 0, 78, 64, 14, 0, 2945]
Robot Data: [7, 3, 105, 6, 45, 18, 3680, 0, 62, 49, 10, 0, 2946]
Robot Data: [9, 3, 101, 8, 40, 18, 3400, 0, 63, 54, 2, 0, 2947]
Robot Data: [9, 4, 98, 7, 39, 18, 3120, 0, 50, 37, -4, -1, 2948]
Robot Data: [7, 5, 97, 8, 35, 18, 2840, 0, 42, 37, -6, -1, 2949]
Robot Data: [7, 6, 97, 9, 33, 18, 2560, 0, 27, 28, -6, -1, 2950]
Robot Data: [8, 6, 99, 9, 29, 34, 2280, 0, 18, 30, 0, 0, 2951]
Robot Data: [7, 7, 96, 9, 26, 34, 2000, 0, 13, 27, 0, 0, 2952]
Robot Data: [9, 9, 98, 9, 23, 34, 2000, 0, 26, 31, 0, 0, 2953]
Robot Data: [7, 9, 93, 9, 21, 34, 2000, 0, 39, 30, 0, 0, 2954]
Robot Data: [8, 11, 95, 9, 22, 34, 2000, 0, 33, 27, 0, 0, 2955]
Robot Data: [6, 12, 92, 10, 21, 34, 2000, 0, 36, 29, 0, 0, 2956]
Robot Data: [7, 13, 94, 11, 19, 34, 2000, 0, 43, 37, 0, 0, 2957]
Robot Data: [8, 15, 93, 12, 19, 34, 2000, 303, 36, 45, 0, 0, 2958]
Robot Data: [7, 19, 98, 11, 19, 34, 2000, 606, 22, 60, 0, 0, 2959]
Robot Data: [10, 20, 96, 12, 18, 34, 2000, 909, 21, 70, 0, 0, 2960]
Robot Data: [7, 20, 91, 11, 18, 34, 2000, 1212, 11, 82, 0, 0, 2961]
Robot Data: [10, 22, 84, 13, 18, 34, 2000, 1515, 7, 89, 0, 0, 2962]
Robot Data: [11, 17, 72, 13, 18, 34, 2000, 1818, 5, 93, 0, 0, 2963]
Robot Data: [14, 13, 49, 11, 19, 34, 2000, 2121, 1, 92, 0, 0, 2964]
Robot Data: [43, 10, 31, 12, 19, 34, 2000, 2424, 6, 88, 0, 0, 2965]
Robot Data: [60, 6, 17, 9, 19, 34, 2000, 2727, 8, 87, 0, 0, 2966]
Robot Data: [65, 4, 10, 9, 19, 34, 2000, 3030, 8, 88, 0, 0, 2967]
Robot Data: [60, 2, 8, 8, 19, 34, 2000, 3108, 8, 89, 0, 0, 2968]
Robot Data: [48, 3, 14, 8, 19, 34, 2000, 3108, 15, 83, 0, 0, 2969]
Robot Data: [37, 4, 14, 7, 20, 34, 2000, 3108, 12, 79, 0, 0, 2970]
Robot Data: [25, 6, 17, 6, 20, 34, 2000, 3108, 18, 73, 0, 0, 2971]
Robot Data: [16, 5, 20, 5, 19, 34, 2000, 3108, 25, 74, 0, 0, 2972]
Robot Data: [8, 4, 28, 4, 20, 34, 2000, 3108, 17, 75, 0, 0, 2973]
Robot Data: [7, 4, 25, 10, 21, 34, 2000, 3108, 10, 75, 0, 0, 2974]
Robot Data: [6, 3, 20, 57, 19, 34, 2000, 3108, 20, 79, 0, 0, 2975]
Robot Data: [4, 3, 17, 92, 19, 34, 2000, 3108, 16, 84, 0, 0, 2976]
Robot Data: [4, 3, 18, 76, 20, 34, 2000, 3108, 13, 80, 0, 0, 2977]
Robot Data: [3, 6, 96, 55, 20, 34, 2000, 3108, 13, 80, 0, 0, 2978]
Robot Data: [5, 12, 315, 36, 20, 34, 2000, 3108, 11, 82, 0, 0, 2979]
Robot Data: [7, 21, 305, 20, 21, 34, 2000, 2805, 12, 74, 0, 0, 2980]
Robot Data: [7, 34, 276, 9, 20, 34, 2000, 2502, 26, 66, 0, 0, 2981]
Robot Data: [6, 49, 231, 3, 20, 34, 2000, 2199, 42, 51, 0, 0, 2982]
Robot Data: [6, 69, 185, 4, 21, 34, 2000, 1896, 43, 41, 0, 0, 2983]
Robot Data: [6, 89, 146, 5, 19, 34, 2000, 1593, 57, 42, 0, 0, 2984]
Robot Data: [5, 104, 123, 7, 20, 34, 2000, 1290, 63, 30, 0, 0, 2985]
Robot Data: [5, 116, 105, 7, 20, 34, 2000, 987, 63, 29, 0, 0, 2986]
Robot Data: [5, 124, 95, 8, 19, 34, 2000, 684, 65, 36, 0, 0, 2987]
Robot Data: [7, 128, 91, 8, 20, 34, 2000, 381, 60, 34, 0, 0, 2988]
Robot Data: [7, 129, 89, 7, 20, 34, 2000, 78, 60, 33, 0, 0, 2989]
Robot Data: [6, 127, 91, 8, 20, 34, 2000, 0, 52, 41, 0, 0, 2990]
Robot Data: [6, 124, 92, 7, 20, 34, 2000, 0, 46, 48, 0, 0, 2991]
Robot Data: [6, 123, 98, 8, 20, 35, 2280, 0, 56, 60, -25, -1, 2992]
Robot Data: [7, 121, 102, 8, 21, 35, 2560, 0, 69, 72, -19, -1, 2993]
Robot Data: [6, 114, 102, 8, 23, 35, 2840, 0, 77, 84, -12, -1, 2994]
Robot Data: [7, 115, 102, 9, 24, 35, 3120, 0, 93, 96, -13, -1, 2995]
Robot Data: [6, 116, 104, 8, 27, 35, 3400, 0, 101, 104, -12, -1, 2996]
Robot Data: [7, 114, 102, 8, 30, 35, 3680, 0, 106, 106, -12, -1, 2997]
Robot Data: [6, 117, 101, 9, 32, 35, 3960, 0, 121, 113, -16, -1, 2998]
Robot Data: [7, 117, 98, 9, 35, 35, 4240, 0, 128, 121, -19, -1, 2999]
Robot Data: [7, 114, 95, 8, 40, 35, 4520, 0, 127, 121, -19, -1, 3000]
Robot Data: [4, 116, 95, 7, 42, 35, 4800, 0, 136, 133, -21, -1, 3001]
Robot Data: [4, 116, 96, 6, 45, 35, 5080, 0, 139, 136, -20, -1, 3002]
Robot Data: [4, 113, 94, 5, 49, 35, 5360, 0, 144, 136, -19, -1, 3003]
Robot Data: [5, 112, 95, 5, 53, 35, 5640, 0, 149, 135, -17, -1, 3004]
Robot Data: [5, 111, 96, 7, 54, 35, 5920, 0, 164, 146, -15, -1, 3005]
Robot Data: [7, 102, 91, 8, 52, 35, 5640, 0, 151, 150, -11, -1, 3006]
Robot Data: [8, 70, 45, 8, 57, 35, 5360, 0, 110, 126, 60, 1, 3007]
Robot Data: [9, 11, 11, 9, 55, 35, 5080, 0, 97, 119, 0, -1, 3008]
Robot Data: [10, 4, 4, 11, 53, 35, 4800, 0, 94, 110, 0, 0, 3009]
Robot Data: [11, 3, 4, 13, 52, 35, 4520, 0, 81, 94, 0, 0, 3010]
Robot Data: [20, 4, 5, 20, 50, 35, 4240, 0, 75, 77, 0, 0, 3011]
Robot Data: [24, 4, 6, 27, 47, 35, 3960, 0, 68, 68, 0, 0, 3012]
Robot Data: [28, 6, 8, 32, 44, 35, 3680, 0, 64, 56, 0, 0, 3013]
Robot Data: [31, 6, 10, 37, 40, 35, 3400, 0, 63, 56, 0, 0, 3014]
Robot Data: [35, 4, 10, 41, 39, 35, 3120, 0, 48, 41, 0, 0, 3015]
Robot Data: [39, 5, 14, 48, 36, 35, 2840, 0, 40, 33, 0, 0, 3016]
Robot Data: [41, 7, 15, 53, 34, 35, 2560, 0, 28, 21, 0, 0, 3017]
Robot Data: [48, 9, 17, 59, 30, 36, 2280, 0, 23, 16, 0, 0, 3018]
Robot Data: [54, 10, 19, 63, 24, 36, 2300, 303, 35, 51, 0, 0, 3019]
Robot Data: [58, 12, 23, 68, 24, 36, 2300, 606, 26, 59, 0, 0, 3020]
Robot Data: [61, 13, 25, 73, 24, 36, 2300, 909, 19, 64, 0, 0, 3021]
Robot Data: [64, 14, 30, 79, 25, 36, 2300, 1212, 6, 69, 0, 0, 3022]
Robot Data: [66, 14, 34, 88, 23, 36, 2300, 1515, 10, 78, 0, 0, 3023]
Robot Data: [66, 13, 41, 97, 22, 36, 2300, 1818, 9, 87, 0, 0, 3024]
Robot Data: [64, 9, 50, 103, 22, 36, 2300, 2121, 8, 89, 0, 0, 3025]
Robot Data: [59, 8, 73, 105, 21, 36, 2300, 2424, 9, 97, 0, 0, 3026]
Robot Data: [52, 6, 99, 103, 21, 36, 2300, 2727, 9, 99, 0, 0, 3027]
Robot Data: [52, 4, 126, 100, 21, 36, 2300, 3030, 10, 100, 0, 0, 3028]
Robot Data: [46, 3, 160, 101, 22, 36, 2300, 3108, 7, 97, 0, 0, 3029]
Robot Data: [40, 3, 194, 103, 22, 36, 2300, 3108, 13, 92, 0, 0, 3030]
Robot Data: [30, 2, 228, 103, 22, 36, 2300, 3108, 19, 88, 0, 0, 3031]
Robot Data: [21, 4, 266, 102, 22, 36, 2300, 3108, 27, 81, 0, 0, 3032]
Robot Data: [16, 5, 313, 99, 22, 36, 2300, 3108, 30, 79, 0, 0, 3033]
Robot Data: [9, 6, 387, 89, 23, 36, 2300, 3108, 26, 76, 0, 0, 3034]
Robot Data: [7, 5, 437, 82, 22, 36, 2300, 3108, 30, 80, 0, 0, 3035]
Robot Data: [3, 3, 407, 69, 23, 36, 2300, 3108, 25, 79, 0, 0, 3036]
Robot Data: [4, 3, 365, 58, 23, 36, 2300, 3108, 19, 84, 0, 0, 3037]
Robot Data: [4, 4, 329, 47, 22, 36, 2300, 3108, 20, 91, 0, 0, 3038]
Robot Data: [4, 5, 272, 37, 23, 36, 2300, 3108, 13, 91, 0, 0, 3039]
Robot Data: [5, 9, 222, 26, 23, 36, 2300, 3108, 16, 89, 0, 0, 3040]
Robot Data: [6, 19, 230, 16, 22, 36, 2300, 2805, 29, 83, 0, 0, 3041]
Robot Data: [6, 32, 208, 7, 24, 36, 2300, 2502, 26, 72, 0, 0, 3042]
Robot Data: [7, 51, 174, 5, 23, 36, 2300, 2199, 40, 64, 0, 0, 3043]
Robot Data: [10, 75, 144, 5, 23, 36, 2300, 1896, 55, 50, 0, 0, 3044]
Robot Data: [6, 101, 117, 5, 22, 36, 2300, 1593, 68, 45, 0, 0, 3045]
Robot Data: [5, 119, 96, 6, 23, 36, 2300, 1290, 69, 37, 0, 0, 3046]
Robot Data: [5, 135, 84, 6, 23, 36, 2300, 987, 72, 34, 0, 0, 3047]
Robot Data: [7, 144, 76, 8, 23, 36, 2300, 684, 71, 35, 0, 0, 3048]
Robot Data: [6, 149, 74, 7, 23, 36, 2300, 381, 67, 38, 0, 0, 3049]
Robot Data: [6, 150, 75, 8, 23, 36, 2300, 78, 64, 42, 0, 0, 3050]
Robot Data: [7, 145, 76, 8, 23, 36, 2020, 0, 43, 32, 0, 0, 3051]
Robot Data: [6, 139, 77, 7, 22, 36, 2000, 0, 38, 41, 0, 0, 3052]
Robot Data: [8, 138, 85, 8, 21, 20, 2280, 0, 54, 54, -53, -2, 3053]
Robot Data: [6, 131, 89, 7, 21, 20, 2560, 0, 70, 70, -42, -2, 3054]
Robot Data: [7, 130, 93, 8, 25, 20, 2840, 0, 72, 72, -37, -2, 3055]
Robot Data: [7, 124, 92, 7, 25, 20, 3120, 0, 85, 92, -32, -1, 3056]
Robot Data: [7, 124, 93, 8, 26, 20, 3400, 0, 98, 109, -31, -1, 3057]
Robot Data: [7, 122, 92, 8, 30, 20, 3680, 0, 104, 103, -30, -1, 3058]
Robot Data: [9, 122, 94, 9, 32, 20, 3960, 0, 116, 113, -28, -1, 3059]
Robot Data: [7, 122, 91, 9, 35, 20, 4240, 0, 128, 116, -31, -1, 3060]
Robot Data: [9, 123, 92, 9, 39, 20, 4520, 0, 129, 123, -31, -1, 3061]
Robot Data: [11, 120, 92, 9, 41, 20, 4800, 0, 140, 133, -28, -1, 3062]
Robot Data: [10, 122, 92, 9, 45, 20, 5080, 0, 140, 133, -30, -1, 3063]
Robot Data: [11, 119, 89, 9, 48, 20, 5360, 0, 142, 143, -30, -1, 3064]
Robot Data: [12, 116, 85, 10, 52, 20, 5640, 0, 149, 141, -31, -1, 3065]
Robot Data: [12, 109, 67, 11, 55, 20, 5920, 0, 155, 148, -42, -2, 3066]
Robot Data: [12, 98, 23, 11, 53, 20, 5640, 0, 147, 144, 4, 0, 3067]
Robot Data: [14, 17, 12, 13, 57, 20, 5360, 0, 116, 117, 0, -1, 3068]
Robot Data: [17, 6, 8, 13, 55, 20, 5080, 0, 103, 111, 0, 0, 3069]
Robot Data: [17, 6, 6, 15, 53, 20, 4800, 0, 93, 108, 0, 0, 3070]
Robot Data: [25, 6, 8, 18, 52, 20, 4520, 0, 83, 89, -1, -1, 3071]
Robot Data: [28, 6, 7, 24, 49, 20, 4240, 0, 79, 78, -1, -1, 3072]
Robot Data: [32, 7, 8, 26, 46, 20, 3960, 0, 77, 65, -1, -1, 3073]
Robot Data: [37, 8, 8, 29, 45, 20, 3680, 0, 59, 53, -1, -1, 3074]
Robot Data: [43, 10, 9, 32, 40, 20, 3400, 0, 58, 59, -1, -1, 3075]
Robot Data: [46, 11, 9, 38, 38, 20, 3120, 0, 42, 54, -1, -1, 3076]
Robot Data: [50, 12, 13, 44, 38, 20, 2840, 0, 26, 32, -1, -1, 3077]
Robot Data: [51, 12, 13, 49, 33, 20, 2560, 0, 32, 23, -1, -1, 3078]
Robot Data: [61, 14, 18, 56, 29, 4, 2280, 0, 30, 16, 0, 0, 3079]
Robot Data: [67, 16, 20, 63, 26, 4, 2300, -303, 47, 23, 0, 0, 3080]
Robot Data: [70, 18, 23, 68, 24, 4, 2300, -606, 57, 25, 0, 0, 3081]
Robot Data: [75, 21, 25, 73, 24, 4, 2300, -909, 59, 22, 0, 0, 3082]
Robot Data: [84, 26, 29, 77, 24, 4, 2300, -1212, 68, 12, 0, 0, 3083]
Robot Data: [94, 29, 27, 78, 23, 4, 2300, -1515, 78, 9, 0, 0, 3084]
Robot Data: [106, 36, 27, 78, 22, 4, 2300, -1818, 82, 12, 0, 0, 3085]
Robot Data: [125, 49, 24, 78, 21, 4, 2300, -2121, 93, 11, 0, 0, 3086]
Robot Data: [145, 61, 20, 75, 22, 4, 2300, -2424, 93, 5, 0, 0, 3087]
Robot Data: [162, 80, 14, 72, 20, 4, 2300, -2727, 104, 10, 0, 0, 3088]
Robot Data: [165, 103, 11, 66, 22, 4, 2300, -3030, 98, 4, 0, 0, 3089]
Robot Data: [167, 132, 11, 59, 21, 4, 2300, -3108, 102, 9, 0, 0, 3090]
Robot Data: [165, 166, 17, 49, 22, 4, 2300, -3108, 90, 16, 0, 0, 3091]
Robot Data: [166, 203, 19, 43, 22, 4, 2300, -3108, 84, 23, 0, 0, 3092]
Robot Data: [168, 238, 21, 36, 23, 4, 2300, -3108, 78, 22, 0, 0, 3093]
Robot Data: [167, 274, 24, 27, 22, 4, 2300, -3108, 82, 25, 0, 0, 3094]
Robot Data: [169, 331, 31, 23, 22, 4, 2300, -3108, 79, 30, 0, 0, 3095]
Robot Data: [165, 400, 33, 15, 23, 4, 2300, -3108, 78, 24, 0, 0, 3096]
Robot Data: [157, 424, 27, 12, 23, 4, 2300, -3108, 84, 18, 0, 0, 3097]
Robot Data: [147, 399, 23, 12, 22, 4, 2300, -3108, 91, 19, 0, 0, 3098]
Robot Data: [137, 371, 24, 14, 23, 4, 2300, -3108, 89, 15, 0, 0, 3099]
Robot Data: [119, 335, 21, 18, 23, 4, 2300, -3108, 87, 17, 0, 0, 3100]
Robot Data: [88, 310, 20, 16, 22, 4, 2300, -3108, 91, 20, 0, 0, 3101]
Robot Data: [70, 275, 19, 19, 23, 4, 2300, -2805, 83, 21, 0, 0, 3102]
Robot Data: [52, 213, 18, 23, 23, 4, 2300, -2502, 72, 32, 0, 0, 3103]
Robot Data: [32, 204, 15, 26, 23, 4, 2300, -2199, 62, 43, 0, 0, 3104]
Robot Data: [18, 175, 14, 27, 24, 4, 2300, -1896, 48, 48, 0, 0, 3105]
Robot Data: [11, 146, 11, 29, 22, 4, 2300, -1593, 50, 62, 0, 0, 3106]
Robot Data: [23, 132, 10, 30, 23, 4, 2300, -1290, 39, 65, 0, 0, 3107]
Robot Data: [33, 119, 9, 30, 23, 4, 2300, -987, 37, 68, 0, 0, 3108]
Robot Data: [40, 113, 11, 30, 23, 4, 2300, -684, 38, 67, 0, 0, 3109]
Robot Data: [40, 106, 9, 30, 23, 4, 2300, -381, 39, 65, 0, 0, 3110]
Robot Data: [43, 106, 10, 34, 22, 4, 2300, -78, 45, 67, 0, 0, 3111]
Robot Data: [46, 113, 12, 36, 23, 4, 2020, 0, 30, 45, 0, 0, 3112]
Robot Data: [48, 117, 13, 39, 22, 4, 2000, 0, 39, 40, 0, 0, 3113]
Robot Data: [49, 125, 13, 43, 20, 5, 2000, 0, 52, 40, 0, 0, 3114]
Robot Data: [46, 131, 19, 45, 20, 5, 2000, 0, 53, 39, 0, 0, 3115]
Robot Data: [47, 134, 19, 47, 22, 5, 2000, 0, 45, 32, 0, 0, 3116]
Robot Data: [53, 136, 21, 51, 20, 5, 2000, 0, 50, 40, 0, 0, 3117]
Robot Data: [58, 133, 20, 54, 19, 5, 2000, -303, 58, 40, 0, 0, 3118]
Robot Data: [63, 134, 22, 57, 20, 5, 2000, -606, 62, 29, 0, 0, 3119]
Robot Data: [63, 133, 25, 57, 20, 5, 2000, -909, 72, 19, 0, 0, 3120]
Robot Data: [64, 126, 24, 59, 20, 5, 2000, -1212, 79, 13, 0, 0, 3121]
Robot Data: [70, 115, 23, 59, 19, 5, 2000, -1515, 89, 10, 0, 0, 3122]
Robot Data: [73, 102, 22, 58, 19, 5, 2000, -1818, 92, 8, 0, 0, 3123]
Robot Data: [81, 85, 18, 55, 20, 5, 2000, -2121, 89, 5, 0, 0, 3124]
Robot Data: [94, 67, 14, 52, 19, 5, 2000, -2424, 92, 9, 0, 0, 3125]
Robot Data: [111, 61, 10, 49, 20, 5, 2000, -2727, 87, 8, 0, 0, 3126]
Robot Data: [121, 83, 6, 45, 20, 5, 2000, -3030, 91, 3, 0, 0, 3127]
Robot Data: [114, 80, 4, 40, 20, 5, 2000, -3108, 89, 6, 0, 0, 3128]
Robot Data: [111, 93, 4, 39, 20, 5, 2000, -3108, 87, 7, 0, 0, 3129]
Robot Data: [111, 111, 1, 33, 19, 5, 2000, -3108, 86, 17, 0, 0, 3130]
Robot Data: [108, 133, 1, 26, 20, 5, 2000, -3108, 75, 20, 0, 0, 3131]
Robot Data: [105, 155, 1, 20, 20, 5, 2000, -3108, 76, 19, 0, 0, 3132]
Robot Data: [100, 183, 1, 15, 20, 5, 2000, -3108, 76, 19, 0, 0, 3133]
Robot Data: [92, 226, 1, 10, 20, 5, 2000, -3108, 74, 21, 0, 0, 3134]
Robot Data: [83, 248, 1, 8, 20, 5, 2000, -3108, 75, 21, 0, 0, 3135]
Robot Data: [74, 219, 2, 5, 20, 5, 2000, -3108, 82, 13, 0, 0, 3136]
Robot Data: [68, 192, 4, 4, 21, 5, 2000, -3108, 79, 8, 0, 0, 3137]
Robot Data: [55, 174, 8, 1, 20, 5, 2000, -3108, 84, 10, 0, 0, 3138]
Robot Data: [44, 156, 13, 1, 19, 5, 2000, -3108, 84, 18, 0, 0, 3139]
Robot Data: [31, 126, 23, 1, 20, 5, 2000, -2805, 77, 18, 0, 0, 3140]
Robot Data: [19, 124, 49, 1, 21, 5, 2000, -2502, 66, 22, 0, 0, 3141]
Robot Data: [10, 110, 80, 0, 21, 5, 2000, -2199, 53, 34, 0, 0, 3142]
Robot Data: [5, 95, 119, 0, 20, 5, 2000, -1896, 47, 47, 0, 0, 3143]
Robot Data: [3, 81, 163, 1, 20, 5, 2000, -1593, 43, 51, 0, 0, 3144]
Robot Data: [2, 70, 194, 1, 21, 5, 2000, -1290, 28, 58, 0, 0, 3145]
Robot Data: [2, 63, 219, 1, 20, 5, 2000, -987, 31, 61, 0, 0, 3146]
Robot Data: [2, 60, 231, 1, 20, 5, 2000, -684, 31, 61, 0, 0, 3147]
Robot Data: [2, 56, 235, 1, 20, 5, 2000, -381, 37, 55, 0, 0, 3148]
Robot Data: [1, 57, 237, 1, 20, 5, 2000, -78, 36, 56, 0, 0, 3149]
Robot Data: [2, 58, 232, 1, 20, 5, 2000, 0, 40, 52, 0, 0, 3150]
Robot Data: [1, 62, 225, 1, 20, 5, 2000, 0, 43, 49, 0, 0, 3151]
Robot Data: [0, 64, 217, 1, 20, 21, 2280, 0, 54, 61, 153, 4, 3152]
Robot Data: [2, 67, 207, 1, 21, 21, 2560, 0, 63, 77, 140, 4, 3153]
Robot Data: [2, 68, 197, 1, 22, 21, 2840, 0, 77, 90, 129, 3, 3154]
Robot Data: [2, 71, 183, 1, 23, 21, 3120, 0, 96, 101, 112, 3, 3155]
Robot Data: [2, 76, 176, 1, 27, 21, 3400, 0, 103, 102, 100, 2, 3156]
Robot Data: [2, 78, 164, 1, 30, 21, 3680, 0, 110, 103, 86, 2, 3157]
Robot Data: [3, 80, 154, 2, 32, 21, 3960, 0, 123, 112, 74, 2, 3158]
Robot Data: [4, 83, 148, 0, 36, 21, 4240, 0, 126, 116, 65, 1, 3159]
Robot Data: [2, 86, 145, 1, 40, 21, 4520, 0, 127, 121, 59, 1, 3160]
Robot Data: [2, 88, 140, 1, 41, 21, 4800, 0, 138, 139, 52, 1, 3161]
Robot Data: [3, 88, 135, 0, 46, 21, 5080, 0, 134, 134, 47, 1, 3162]
Robot Data: [2, 90, 135, 0, 49, 21, 5360, 0, 138, 142, 45, 1, 3163]
Robot Data: [2, 91, 132, 0, 54, 21, 5640, 0, 134, 142, 41, 1, 3164]
Robot Data: [2, 92, 132, 1, 53, 21, 5920, 0, 157, 160, 40, 1, 3165]
Robot Data: [3, 95, 128, 0, 53, 21, 6200, 0, 177, 177, 33, 0, 3166]
Robot Data: [3, 95, 124, 1, 59, 21, 6480, 0, 170, 170, 29, 0, 3167]
Robot Data: [3, 91, 128, 0, 62, 21, 6760, 0, 173, 181, 37, 1, 3168]
Robot Data: [3, 86, 129, 1, 64, 21, 7040, 0, 182, 192, 43, 1, 3169]
Robot Data: [3, 92, 132, 0, 70, 21, 7320, 0, 181, 183, 40, 1, 3170]
Robot Data: [2, 92, 129, 1, 70, 21, 7600, 0, 201, 197, 37, 1, 3171]
Robot Data: [1, 96, 129, 1, 71, 21, 7880, 0, 214, 207, 33, 0, 3172]
Robot Data: [1, 96, 124, 0, 76, 21, 8160, 0, 213, 207, 28, 0, 3173]
Robot Data: [1, 93, 123, 0, 80, 21, 8440, 0, 212, 213, 30, 0, 3174]
Robot Data: [3, 95, 127, 0, 81, 21, 8720, 0, 220, 232, 32, 0, 3175]
Robot Data: [3, 92, 127, 0, 86, 21, 9000, 0, 222, 228, 35, 1, 3176]
Robot Data: [3, 90, 125, 0, 89, 21, 9280, 0, 224, 231, 35, 1, 3177]
Robot Data: [1, 90, 139, 1, 93, 21, 9560, 0, 235, 222, 49, 1, 3178]
Robot Data: [0, 85, 141, 1, 90, 21, 9840, 0, 250, 250, 56, 1, 3179]
Robot Data: [3, 83, 145, 1, 95, 21, 10120, 0, 250, 250, 62, 1, 3180]
Robot Data: [2, 78, 147, 1, 97, 21, 10400, 0, 250, 250, 69, 2, 3181]
Robot Data: [1, 69, 141, 1, 100, 21, 10680, 0, 250, 250, 72, 2, 3182]
Robot Data: [0, 77, 137, 0, 102, 21, 10900, 0, 250, 250, 60, 1, 3183]
Robot Data: [0, 76, 157, 0, 106, 21, 10900, 0, 250, 250, 81, 2, 3184]
Robot Data: [0, 68, 165, 1, 105, 21, 10900, 0, 250, 250, 97, 2, 3185]
Robot Data: [1, 66, 176, 0, 107, 21, 10900, 0, 250, 250, 110, 3, 3186]
Robot Data: [1, 61, 187, 1, 108, 21, 10900, 0, 248, 250, 126, 3, 3187]
Robot Data: [2, 56, 198, 2, 107, 21, 10900, 0, 244, 250, 142, 4, 3188]
Robot Data: [3, 51, 215, 3, 109, 21, 10900, 0, 235, 250, 164, 4, 3189]
Robot Data: [1, 44, 225, 3, 107, 21, 10900, 0, 237, 250, 181, 5, 3190]
Robot Data: [1, 43, 229, 3, 108, 21, 10900, 0, 225, 250, 186, 5, 3191]
Robot Data: [1, 42, 236, 4, 109, 21, 10900, 0, 218, 250, 194, 5, 3192]
Robot Data: [1, 44, 236, 3, 108, 21, 10900, 0, 220, 250, 192, 5, 3193]
Robot Data: [0, 42, 274, 3, 108, 21, 10900, 0, 221, 250, 232, 7, 3194]
Robot Data: [0, 42, 279, 3, 108, 21, 10900, 0, 220, 250, 237, 7, 3195]
Robot Data: [1, 44, 283, 3, 109, 21, 10900, 0, 219, 250, 239, 7, 3196]
Robot Data: [1, 44, 283, 2, 109, 21, 10900, 0, 220, 250, 239, 7, 3197]
Robot Data: [1, 45, 279, 3, 109, 21, 10900, 0, 220, 250, 234, 7, 3198]
Robot Data: [1, 46, 264, 2, 109, 21, 10900, 0, 226, 250, 218, 6, 3199]
Robot Data: [1, 51, 254, 2, 110, 21, 10900, 0, 227, 250, 203, 6, 3200]
Robot Data: [1, 56, 235, 1, 109, 21, 10900, 0, 237, 250, 179, 5, 3201]
Robot Data: [2, 62, 227, 1, 111, 21, 10900, 0, 234, 250, 165, 4, 3202]
Robot Data: [1, 69, 216, 1, 111, 21, 10900, 0, 236, 250, 147, 4, 3203]
Robot Data: [4, 72, 207, 1, 112, 21, 10900, 0, 237, 250, 135, 4, 3204]
Robot Data: [1, 76, 188, 1, 112, 21, 10900, 0, 242, 250, 112, 3, 3205]
Robot Data: [2, 83, 168, 1, 112, 21, 10900, 0, 243, 250, 85, 2, 3206]
Robot Data: [3, 88, 149, 1, 113, 21, 10900, 0, 247, 244, 61, 1, 3207]
Robot Data: [5, 94, 130, 1, 114, 21, 10900, 0, 241, 237, 36, 1, 3208]
Robot Data: [6, 102, 115, 1, 114, 21, 10900, 0, 242, 231, 13, 0, 3209]
Robot Data: [7, 110, 105, 0, 114, 21, 10900, 0, 240, 227, -5, -1, 3210]
Robot Data: [7, 117, 86, 1, 112, 21, 10620, 0, 234, 213, -31, -1, 3211]
Robot Data: [9, 127, 82, 2, 111, 21, 10340, 0, 222, 194, -45, -2, 3212]
Robot Data: [10, 140, 76, 2, 109, 21, 10060, 0, 208, 185, -64, -2, 3213]
Robot Data: [10, 149, 70, 2, 107, 21, 9780, 0, 192, 176, -79, -3, 3214]
Robot Data: [12, 161, 70, 2, 104, 21, 9500, 0, 185, 172, -91, -3, 3215]
Robot Data: [9, 167, 62, 2, 101, 21, 9220, 0, 175, 165, -105, -4, 3216]
Robot Data: [12, 175, 58, 3, 98, 21, 8940, 0, 166, 156, -117, -4, 3217]
Robot Data: [13, 189, 61, 4, 96, 21, 8660, 0, 154, 144, -128, -4, 3218]
Robot Data: [13, 198, 53, 3, 91, 21, 8380, 0, 152, 142, -145, -5, 3219]
Robot Data: [14, 213, 54, 4, 87, 21, 8100, 0, 150, 144, -159, -5, 3220]
Robot Data: [15, 223, 53, 4, 86, 21, 7820, 0, 139, 125, -170, -6, 3221]
Robot Data: [18, 210, 49, 4, 83, 21, 7540, 0, 135, 113, -220, -7, 3222]
Robot Data: [19, 216, 45, 5, 81, 21, 7260, 0, 124, 100, -232, -7, 3223]
Robot Data: [19, 236, 50, 5, 75, 21, 6980, 0, 131, 99, -256, -9, 3224]
Robot Data: [22, 246, 45, 7, 72, 21, 6700, 0, 127, 97, -256, -9, 3225]
Robot Data: [21, 255, 44, 7, 69, 21, 6420, 0, 119, 92, -256, -10, 3226]
Robot Data: [24, 264, 43, 8, 66, 21, 6140, 0, 107, 92, -256, -10, 3227]
Robot Data: [26, 273, 41, 9, 63, 21, 5860, 0, 97, 88, -256, -11, 3228]
Robot Data: [26, 279, 39, 10, 61, 21, 5580, 0, 91, 73, -256, -11, 3229]
Robot Data: [28, 279, 31, 12, 59, 21, 5300, 0, 88, 63, -256, -11, 3230]
Robot Data: [29, 281, 14, 12, 54, 21, 5020, 0, 74, 78, -1, 0, 3231]
Robot Data: [29, 280, 7, 15, 52, 21, 4740, 0, 55, 78, -1, -1, 3232]
Robot Data: [30, 278, 5, 12, 47, 21, 4460, 0, 58, 78, -1, -1, 3233]
Robot Data: [34, 284, 4, 16, 46, 21, 4180, 0, 48, 61, -1, -1, 3234]
Robot Data: [38, 286, 5, 17, 42, 21, 3900, 0, 61, 51, -1, -1, 3235]
Robot Data: [44, 287, 5, 20, 41, 21, 3620, 0, 52, 34, -1, -1, 3236]
Robot Data: [46, 263, 4, 22, 37, 21, 3340, 0, 47, 34, -1, -1, 3237]
Robot Data: [43, 304, 6, 25, 34, 21, 3060, 0, 35, 34, -1, -1, 3238]
Robot Data: [44, 311, 7, 27, 30, 21, 2780, 0, 30, 35, -1, -1, 3239]
Robot Data: [41, 315, 7, 29, 27, 21, 2500, 0, 29, 33, -1, -1, 3240]
Robot Data: [41, 320, 8, 31, 26, 21, 2220, 0, 19, 18, -1, -1, 3241]
Robot Data: [41, 318, 9, 33, 23, 21, 2000, 0, 17, 17, -1, -1, 3242]
Robot Data: [43, 313, 8, 34, 20, 21, 2000, 0, 29, 25, -1, -1, 3243]
Robot Data: [45, 316, 8, 37, 19, 21, 2000, 0, 33, 29, -1, -1, 3244]
Robot Data: [45, 317, 10, 38, 19, 133, 2000, 0, 31, 32, 0, 0, 3245]
Robot Data: [42, 313, 9, 38, 19, 133, 2000, 0, 32, 32, 0, 0, 3246]
Robot Data: [38, 310, 11, 39, 17, 133, 2000, 0, 39, 43, 0, 0, 3247]
Robot Data: [43, 313, 11, 41, 17, 133, 2000, 0, 41, 44, 0, 0, 3248]
Robot Data: [41, 309, 12, 42, 18, 133, 2000, 0, 40, 40, 0, 0, 3249]
Robot Data: [42, 311, 13, 44, 18, 133, 2000, 0, 41, 41, 0, 0, 3250]
Robot Data: [42, 311, 13, 46, 18, 133, 2000, 0, 42, 42, 0, 0, 3251]
Robot Data: [45, 314, 15, 48, 17, 133, 2000, 0, 47, 47, 0, 0, 3252]
Robot Data: [46, 312, 18, 51, 18, 133, 2000, 0, 45, 45, 0, 0, 3253]
Robot Data: [45, 308, 16, 52, 17, 133, 2000, 0, 52, 48, 0, 0, 3254]
Robot Data: [45, 310, 18, 56, 19, 133, 2000, 0, 42, 46, 0, 0, 3255]
Robot Data: [45, 309, 19, 58, 18, 133, 2000, 0, 49, 48, 0, 0, 3256]
Robot Data: [48, 308, 22, 63, 20, 133, 2000, -303, 47, 36, 0, 0, 3257]
Robot Data: [48, 306, 24, 64, 19, 133, 2000, -606, 62, 29, 0, 0, 3258]
Robot Data: [50, 309, 27, 68, 19, 133, 2000, -909, 71, 21, 0, 0, 3259]
Robot Data: [51, 306, 26, 72, 18, 133, 2000, -1212, 84, 17, 0, 0, 3260]
Robot Data: [54, 298, 25, 70, 19, 133, 2000, -1515, 87, 8, 0, 0, 3261]
Robot Data: [85, 278, 23, 68, 20, 133, 2000, -1818, 87, 2, 0, 0, 3262]
Robot Data: [132, 241, 19, 64, 20, 133, 2000, -2121, 88, 1, 0, 0, 3263]
Robot Data: [141, 187, 16, 61, 19, 133, 2000, -2424, 88, 9, 0, 0, 3264]
Robot Data: [139, 125, 10, 56, 19, 133, 2000, -2727, 87, 11, 0, 0, 3265]
Robot Data: [133, 89, 6, 51, 20, 133, 2000, -3030, 88, 3, 0, 0, 3266]
Robot Data: [130, 136, 4, 48, 19, 133, 2000, -3108, 87, 11, 0, 0, 3267]
Robot Data: [124, 130, 2, 40, 19, 133, 2000, -3108, 92, 8, 0, 0, 3268]
Robot Data: [126, 142, 1, 35, 21, 133, 2000, -3108, 85, 1, 0, 0, 3269]
Robot Data: [130, 162, 0, 31, 20, 133, 2000, -3108, 82, 10, 0, 0, 3270]
Robot Data: [129, 190, 0, 24, 20, 133, 2000, -3108, 81, 11, 0, 0, 3271]
Robot Data: [123, 224, 1, 18, 20, 133, 2000, -3108, 77, 15, 0, 0, 3272]
Robot Data: [116, 273, 0, 12, 20, 133, 2000, -3108, 74, 18, 0, 0, 3273]
Robot Data: [106, 300, 0, 7, 20, 133, 2000, -3108, 73, 20, 0, 0, 3274]
Robot Data: [94, 277, 2, 6, 21, 133, 2000, -3108, 73, 11, 0, 0, 3275]
Robot Data: [80, 237, 4, 3, 20, 133, 2000, -3108, 76, 15, 0, 0, 3276]
Robot Data: [68, 211, 6, 2, 20, 133, 2000, -3108, 78, 13, 0, 0, 3277]
Robot Data: [54, 190, 10, 1, 20, 133, 2000, -3108, 81, 10, 0, 0, 3278]
Robot Data: [37, 175, 28, 0, 20, 133, 2000, -2805, 75, 17, 0, 0, 3279]
Robot Data: [25, 153, 49, 1, 20, 133, 2000, -2502, 64, 27, 0, 0, 3280]
Robot Data: [12, 125, 74, 0, 20, 133, 2000, -2199, 54, 38, 0, 0, 3281]
Robot Data: [5, 108, 105, 0, 21, 133, 2000, -1896, 44, 40, 0, 0, 3282]
Robot Data: [2, 96, 136, 1, 20, 133, 2000, -1593, 39, 51, 0, 0, 3283]
Robot Data: [2, 84, 162, 1, 19, 133, 2000, -1290, 38, 60, 0, 0, 3284]
Robot Data: [1, 77, 183, 1, 20, 133, 2000, -987, 32, 59, 0, 0, 3285]
Robot Data: [1, 76, 197, 1, 20, 133, 2000, -684, 32, 59, 0, 0, 3286]
Robot Data: [1, 72, 201, 1, 20, 133, 2000, -381, 34, 57, 0, 0, 3287]
Robot Data: [1, 72, 202, 1, 20, 133, 2000, -78, 36, 55, 0, 0, 3288]
Robot Data: [0, 72, 197, 1, 20, 133, 2000, 0, 39, 52, 0, 0, 3289]
Robot Data: [1, 75, 192, 1, 20, 133, 2000, 0, 47, 44, 0, 0, 3290]
Robot Data: [0, 80, 186, 3, 20, 132, 2280, 0, 57, 57, 106, 3, 3291]
Robot Data: [2, 81, 179, 2, 21, 132, 2560, 0, 68, 72, 98, 2, 3292]
Robot Data: [2, 84, 172, 1, 23, 132, 2840, 0, 78, 81, 88, 2, 3293]
Robot Data: [2, 85, 168, 0, 24, 132, 3120, 0, 94, 93, 83, 2, 3294]
Robot Data: [2, 91, 166, 0, 26, 132, 3400, 0, 107, 103, 75, 2, 3295]
Robot Data: [1, 94, 159, 1, 31, 132, 3680, 0, 105, 98, 65, 1, 3296]
Robot Data: [2, 95, 155, 1, 33, 132, 3960, 0, 113, 110, 60, 1, 3297]
Robot Data: [1, 95, 149, 1, 36, 132, 4240, 0, 118, 119, 54, 1, 3298]
Robot Data: [1, 95, 145, 1, 39, 132, 4520, 0, 124, 128, 50, 1, 3299]
Robot Data: [1, 97, 142, 0, 42, 132, 4800, 0, 131, 134, 45, 1, 3300]
Robot Data: [1, 97, 134, 0, 45, 132, 5080, 0, 132, 139, 37, 1, 3301]
Robot Data: [0, 96, 129, 1, 49, 132, 5360, 0, 139, 138, 33, 0, 3302]
Robot Data: [1, 97, 125, 1, 50, 132, 5640, 0, 154, 150, 28, 0, 3303]
Robot Data: [1, 97, 123, 0, 57, 132, 5920, 0, 149, 138, 26, 0, 3304]
Robot Data: [2, 97, 124, 0, 55, 132, 6200, 0, 171, 165, 27, 0, 3305]
Robot Data: [0, 97, 124, 1, 58, 132, 6480, 0, 171, 172, 27, 0, 3306]
Robot Data: [1, 97, 128, 1, 63, 132, 6760, 0, 171, 171, 31, 0, 3307]
Robot Data: [0, 96, 129, 0, 64, 132, 7040, 0, 180, 188, 33, 0, 3308]
Robot Data: [1, 91, 131, 0, 66, 132, 7320, 0, 184, 206, 40, 1, 3309]
Robot Data: [0, 85, 138, 0, 71, 132, 7600, 0, 187, 203, 53, 1, 3310]
Robot Data: [3, 89, 133, 0, 73, 132, 7880, 0, 195, 208, 44, 1, 3311]
Robot Data: [1, 93, 133, 1, 78, 132, 8160, 0, 201, 199, 40, 1, 3312]
Robot Data: [1, 89, 126, 1, 79, 132, 8440, 0, 217, 209, 37, 1, 3313]
Robot Data: [1, 93, 133, 0, 80, 132, 8720, 0, 227, 228, 40, 1, 3314]
Robot Data: [0, 93, 136, 0, 86, 132, 9000, 0, 217, 229, 43, 1, 3315]
Robot Data: [0, 89, 133, 0, 88, 132, 9280, 0, 224, 234, 44, 1, 3316]
Robot Data: [1, 90, 132, 0, 90, 132, 9560, 0, 234, 244, 42, 1, 3317]
Robot Data: [0, 89, 132, 0, 94, 132, 9840, 0, 234, 248, 43, 1, 3318]
Robot Data: [3, 92, 130, 0, 96, 132, 10120, 0, 244, 250, 38, 1, 3319]
Robot Data: [1, 91, 128, 0, 98, 132, 10400, 0, 250, 250, 37, 1, 3320]
Robot Data: [1, 91, 128, 0, 101, 132, 10680, 0, 250, 250, 37, 1, 3321]
Robot Data: [3, 87, 124, 0, 103, 132, 10900, 0, 250, 250, 37, 1, 3322]
Robot Data: [1, 97, 127, 1, 102, 132, 10620, 0, 250, 250, 30, 0, 3323]
Robot Data: [1, 100, 133, 1, 104, 132, 10340, 0, 245, 245, 33, 0, 3324]
Robot Data: [1, 98, 131, 1, 105, 132, 10060, 0, 221, 229, 33, 0, 3325]
Robot Data: [0, 96, 135, 0, 106, 132, 9780, 0, 202, 205, 39, 1, 3326]
Robot Data: [1, 99, 137, 1, 104, 132, 9500, 0, 197, 192, 38, 1, 3327]
Robot Data: [1, 97, 133, 1, 101, 132, 9220, 0, 184, 188, 36, 1, 3328]
Robot Data: [2, 99, 133, 1, 99, 132, 8940, 0, 166, 181, 34, 1, 3329]
Robot Data: [2, 100, 128, 2, 95, 132, 8660, 0, 163, 173, 28, 0, 3330]
Robot Data: [2, 104, 123, 2, 93, 132, 8380, 0, 154, 157, 19, 0, 3331]
Robot Data: [3, 105, 100, 2, 90, 132, 8100, 0, 152, 148, -5, -1, 3332]
Robot Data: [3, 97, 15, 3, 89, 132, 7820, 0, 139, 128, 6, 0, 3333]
Robot Data: [2, 103, 8, 3, 86, 132, 7540, 0, 131, 117, -6, -1, 3334]
Robot Data: [3, 108, 8, 4, 80, 132, 7260, 0, 136, 115, -16, -1, 3335]
Robot Data: [3, 107, 8, 4, 78, 132, 6980, 0, 120, 108, -14, -1, 3336]
Robot Data: [3, 111, 10, 4, 73, 132, 6700, 0, 120, 114, -22, -1, 3337]
Robot Data: [4, 111, 13, 5, 73, 132, 6420, 0, 92, 105, -22, -1, 3338]
Robot Data: [3, 111, 18, 6, 69, 132, 6140, 0, 87, 100, -22, -1, 3339]
Robot Data: [5, 109, 25, 6, 65, 132, 5860, 0, 88, 90, -18, -1, 3340]
Robot Data: [5, 109, 31, 6, 61, 132, 5580, 0, 92, 80, -18, -1, 3341]
Robot Data: [7, 109, 41, 8, 58, 132, 5300, 0, 91, 74, -18, -1, 3342]
Robot Data: [7, 109, 58, 9, 55, 132, 5020, 0, 86, 66, -51, -2, 3343]
Robot Data: [7, 109, 72, 10, 53, 132, 4740, 0, 68, 64, -37, -2, 3344]
Robot Data: [11, 108, 66, 11, 49, 132, 4460, 0, 62, 63, -42, -2, 3345]
Robot Data: [12, 101, 16, 13, 46, 132, 4180, 0, 50, 62, -2, 0, 3346]
Robot Data: [15, 98, 7, 13, 42, 132, 3900, 0, 51, 65, 4, 0, 3347]
Robot Data: [18, 105, 1, 15, 40, 132, 3620, 0, 48, 49, -10, -1, 3348]
Robot Data: [19, 110, 5, 16, 38, 132, 3340, 0, 43, 34, -20, -1, 3349]
Robot Data: [22, 112, 4, 19, 33, 132, 3060, 0, 45, 35, -1, 0, 3350]
Robot Data: [22, 113, 7, 20, 32, 132, 2780, 0, 32, 22, -1, -1, 3351]
Robot Data: [26, 113, 5, 21, 27, 132, 2500, 0, 37, 27, -1, -1, 3352]
Robot Data: [31, 114, 5, 24, 25, 128, 2220, 0, 23, 24, 0, 0, 3353]
Robot Data: [32, 112, 6, 24, 24, 128, 2000, 0, 11, 19, 0, 0, 3354]
Robot Data: [35, 108, 8, 25, 20, 128, 2000, 0, 25, 32, 0, 0, 3355]
Robot Data: [37, 109, 7, 28, 19, 128, 2000, 0, 27, 38, 0, 0, 3356]
Robot Data: [37, 109, 6, 28, 19, 128, 2000, 0, 32, 34, 0, 0, 3357]
Robot Data: [37, 114, 8, 29, 18, 128, 2000, 0, 36, 39, 0, 0, 3358]
Robot Data: [43, 113, 10, 32, 17, 128, 2000, 0, 46, 38, 0, 0, 3359]
Robot Data: [41, 114, 10, 33, 18, 128, 2000, 0, 43, 37, 0, 0, 3360]
Robot Data: [44, 122, 11, 36, 18, 128, 2000, 0, 43, 40, 0, 0, 3361]
Robot Data: [45, 117, 10, 37, 17, 128, 2000, 0, 50, 43, 0, 0, 3362]
Robot Data: [46, 117, 12, 38, 18, 128, 2000, 0, 47, 41, 0, 0, 3363]
Robot Data: [49, 115, 12, 40, 18, 128, 2000, 0, 48, 42, 0, 0, 3364]
Robot Data: [51, 117, 13, 42, 17, 128, 2000, 0, 51, 49, 0, 0, 3365]
Robot Data: [52, 115, 13, 44, 19, 128, 2000, 0, 42, 46, 0, 0, 3366]
Robot Data: [57, 115, 15, 45, 18, 128, 2000, 0, 47, 50, 0, 0, 3367]
Robot Data: [58, 112, 16, 49, 19, 128, 2000, -303, 48, 44, 0, 0, 3368]
Robot Data: [61, 113, 17, 51, 19, 128, 2000, -606, 58, 35, 0, 0, 3369]
Robot Data: [66, 111, 17, 55, 19, 128, 2000, -909, 70, 23, 0, 0, 3370]
Robot Data: [67, 110, 21, 57, 18, 128, 2000, -1212, 87, 16, 0, 0, 3371]
Robot Data: [71, 105, 21, 57, 19, 128, 2000, -1515, 88, 9, 0, 0, 3372]
Robot Data: [80, 93, 17, 58, 20, 128, 2000, -1818, 89, 1, 0, 0, 3373]
Robot Data: [92, 77, 15, 54, 19, 128, 2000, -2121, 94, 3, 0, 0, 3374]
Robot Data: [112, 64, 12, 52, 20, 128, 2000, -2424, 91, 1, 0, 0, 3375]
Robot Data: [122, 75, 8, 48, 19, 128, 2000, -2727, 90, 9, 0, 0, 3376]
Robot Data: [117, 80, 6, 41, 20, 128, 2000, -3030, 88, 4, 0, 0, 3377]
Robot Data: [114, 87, 3, 37, 19, 128, 2000, -3108, 88, 12, 0, 0, 3378]
Robot Data: [109, 106, 1, 35, 20, 128, 2000, -3108, 83, 10, 0, 0, 3379]
Robot Data: [111, 126, 2, 29, 20, 128, 2000, -3108, 76, 18, 0, 0, 3380]
Robot Data: [107, 145, 1, 22, 20, 128, 2000, -3108, 75, 18, 0, 0, 3381]
Robot Data: [106, 170, 1, 17, 21, 128, 2000, -3108, 73, 12, 0, 0, 3382]
Robot Data: [100, 208, 0, 13, 20, 128, 2000, -3108, 76, 16, 0, 0, 3383]
Robot Data: [94, 246, 1, 8, 20, 128, 2000, -3108, 76, 16, 0, 0, 3384]
Robot Data: [86, 249, 1, 6, 20, 128, 2000, -3108, 76, 16, 0, 0, 3385]
Robot Data: [73, 219, 3, 3, 19, 128, 2000, -3108, 84, 16, 0, 0, 3386]
Robot Data: [65, 194, 5, 2, 21, 128, 2000, -3108, 78, 7, 0, 0, 3387]
Robot Data: [53, 173, 8, 1, 19, 128, 2000, -3108, 85, 15, 0, 0, 3388]
Robot Data: [41, 156, 16, 1, 20, 128, 2000, -3108, 82, 11, 0, 0, 3389]
Robot Data: [25, 124, 36, 1, 21, 128, 2000, -2805, 70, 16, 0, 0, 3390]
Robot Data: [14, 118, 62, 1, 20, 128, 2000, -2502, 65, 27, 0, 0, 3391]
Robot Data: [6, 103, 100, 0, 20, 128, 2000, -2199, 54, 38, 0, 0, 3392]
Robot Data: [3, 89, 142, 1, 21, 128, 2000, -1896, 44, 40, 0, 0, 3393]
Robot Data: [0, 76, 187, 1, 19, 128, 2000, -1593, 45, 54, 0, 0, 3394]
Robot Data: [1, 62, 220, 0, 20, 128, 2000, -1290, 35, 57, 0, 0, 3395]
Robot Data: [0, 57, 242, 1, 20, 128, 2000, -987, 30, 62, 0, 0, 3396]
Robot Data: [1, 51, 261, 2, 20, 128, 2000, -684, 33, 59, 0, 0, 3397]
Robot Data: [0, 48, 263, 2, 19, 128, 2000, -381, 37, 63, 0, 0, 3398]
Robot Data: [2, 50, 265, 1, 20, 128, 2000, -78, 35, 58, 0, 0, 3399]
Robot Data: [1, 51, 257, 2, 20, 128, 2000, 0, 41, 53, 0, 0, 3400]
Robot Data: [2, 52, 247, 1, 20, 128, 2000, 0, 50, 44, 0, 0, 3401]
Robot Data: [1, 57, 236, 1, 20, 112, 2280, 0, 56, 60, 179, 5, 3402]
Robot Data: [3, 58, 228, 1, 22, 112, 2560, 0, 55, 78, 170, 5, 3403]
Robot Data: [1, 61, 226, 1, 22, 112, 2840, 0, 78, 90, 165, 4, 3404]
Robot Data: [2, 65, 217, 0, 24, 112, 3120, 0, 88, 101, 152, 4, 3405]
Robot Data: [2, 64, 201, 1, 27, 112, 3400, 0, 99, 105, 137, 4, 3406]
Robot Data: [3, 69, 186, 1, 30, 112, 3680, 0, 106, 105, 117, 3, 3407]
Robot Data: [1, 74, 175, 1, 33, 112, 3960, 0, 117, 109, 101, 2, 3408]
Robot Data: [1, 78, 167, 0, 36, 112, 4240, 0, 127, 113, 89, 2, 3409]
Robot Data: [1, 81, 157, 1, 39, 112, 4520, 0, 133, 120, 76, 2, 3410]
Robot Data: [1, 82, 151, 1, 42, 112, 4800, 0, 135, 133, 69, 2, 3411]
Robot Data: [0, 83, 143, 0, 45, 112, 5080, 0, 137, 137, 60, 1, 3412]
Robot Data: [1, 86, 138, 1, 48, 112, 5360, 0, 139, 147, 52, 1, 3413]
Robot Data: [1, 88, 141, 0, 53, 112, 5640, 0, 143, 141, 53, 1, 3414]
Robot Data: [1, 84, 144, 0, 58, 112, 5920, 0, 145, 134, 60, 1, 3415]
Robot Data: [2, 84, 145, 0, 52, 112, 6200, 0, 180, 178, 61, 1, 3416]
Robot Data: [1, 77, 142, 1, 56, 112, 6480, 0, 174, 186, 65, 1, 3417]
Robot Data: [0, 73, 134, 0, 62, 112, 6760, 0, 170, 184, 61, 1, 3418]
Robot Data: [2, 77, 134, 0, 65, 112, 7040, 0, 176, 190, 57, 1, 3419]
Robot Data: [0, 81, 142, 0, 69, 112, 7320, 0, 185, 186, 61, 1, 3420]
Robot Data: [1, 79, 147, 1, 72, 112, 7600, 0, 194, 189, 68, 2, 3421]
Robot Data: [1, 77, 146, 1, 72, 112, 7880, 0, 203, 207, 69, 2, 3422]
Robot Data: [2, 76, 144, 0, 75, 112, 8160, 0, 205, 220, 68, 2, 3423]
Robot Data: [2, 77, 149, 0, 80, 112, 8440, 0, 203, 220, 72, 2, 3424]
Robot Data: [2, 76, 147, 0, 84, 112, 8720, 0, 207, 220, 71, 2, 3425]
Robot Data: [0, 75, 149, 2, 84, 112, 9000, 0, 224, 237, 74, 2, 3426]
Robot Data: [0, 78, 149, 1, 86, 112, 9280, 0, 235, 240, 71, 2, 3427]
Robot Data: [1, 78, 146, 0, 91, 112, 9560, 0, 233, 240, 68, 2, 3428]
Robot Data: [1, 79, 143, 1, 92, 112, 9840, 0, 249, 250, 64, 1, 3429]
Robot Data: [0, 77, 142, 1, 97, 112, 10120, 0, 250, 249, 65, 1, 3430]
Robot Data: [1, 80, 142, 1, 103, 112, 10400, 0, 244, 244, 62, 1, 3431]
Robot Data: [1, 87, 150, 0, 99, 112, 10680, 0, 250, 250, 63, 1, 3432]
Robot Data: [0, 88, 150, 1, 101, 112, 10900, 0, 250, 250, 62, 1, 3433]
Robot Data: [1, 88, 149, 1, 102, 112, 10620, 0, 250, 250, 61, 1, 3434]
Robot Data: [1, 85, 152, 1, 104, 112, 10340, 0, 234, 250, 67, 2, 3435]
Robot Data: [0, 86, 156, 1, 106, 112, 10060, 0, 209, 236, 70, 2, 3436]
Robot Data: [0, 87, 150, 1, 105, 112, 9780, 0, 190, 225, 63, 1, 3437]
Robot Data: [1, 89, 151, 2, 101, 112, 9500, 0, 195, 220, 62, 1, 3438]
Robot Data: [2, 92, 150, 2, 101, 112, 9220, 0, 187, 190, 58, 1, 3439]
Robot Data: [1, 89, 139, 2, 98, 112, 8940, 0, 181, 180, 50, 1, 3440]
Robot Data: [2, 95, 130, 3, 96, 112, 8660, 0, 173, 162, 35, 1, 3441]
Robot Data: [2, 89, 135, 3, 93, 112, 8380, 0, 167, 149, 46, 1, 3442]
Robot Data: [2, 91, 131, 3, 92, 112, 8100, 0, 152, 139, 40, 1, 3443]
Robot Data: [2, 94, 123, 5, 89, 112, 7820, 0, 136, 135, 29, 0, 3444]
Robot Data: [3, 96, 121, 4, 86, 112, 7540, 0, 123, 128, 25, 0, 3445]
Robot Data: [1, 97, 118, 6, 81, 112, 7260, 0, 120, 127, 21, 0, 3446]
Robot Data: [4, 101, 118, 7, 78, 112, 6980, 0, 114, 116, 17, 0, 3447]
Robot Data: [5, 101, 115, 7, 75, 112, 6700, 0, 113, 108, 14, 0, 3448]
Robot Data: [5, 98, 114, 8, 70, 112, 6420, 0, 117, 102, 16, 0, 3449]
Robot Data: [7, 104, 111, 8, 70, 112, 6140, 0, 94, 89, 7, 0, 3450]
Robot Data: [7, 109, 108, 10, 63, 112, 5860, 0, 98, 99, -1, -1, 3451]
Robot Data: [6, 107, 106, 11, 62, 112, 5580, 0, 86, 82, -1, -1, 3452]
Robot Data: [8, 106, 96, 12, 59, 112, 5300, 0, 84, 77, -10, -1, 3453]
Robot Data: [9, 105, 28, 15, 54, 112, 5020, 0, 81, 82, -10, -1, 3454]
Robot Data: [9, 112, 7, 16, 53, 112, 4740, 0, 62, 73, -24, -1, 3455]
Robot Data: [10, 127, 3, 19, 50, 112, 4460, 0, 59, 62, -54, -2, 3456]
Robot Data: [12, 132, 5, 22, 47, 112, 4180, 0, 60, 47, -64, -2, 3457]
Robot Data: [13, 136, 3, 23, 42, 112, 3900, 0, 73, 43, -72, -3, 3458]
Robot Data: [18, 138, 3, 28, 41, 112, 3620, 0, 55, 36, 0, 0, 3459]
Robot Data: [22, 137, 4, 30, 37, 112, 3340, 0, 41, 44, 0, 0, 3460]
Robot Data: [29, 137, 3, 33, 35, 112, 3060, 0, 27, 39, 0, 0, 3461]
Robot Data: [36, 137, 3, 35, 30, 112, 2780, 0, 31, 37, -1, -1, 3462]
Robot Data: [38, 134, 4, 39, 29, 112, 2500, 0, 24, 26, 0, 0, 3463]
Robot Data: [42, 133, 4, 45, 25, 48, 2220, 0, 23, 23, 0, 0, 3464]
Robot Data: [46, 133, 4, 43, 23, 48, 2000, 0, 20, 16, 0, 0, 3465]
Robot Data: [49, 136, 4, 47, 20, 48, 2000, 0, 28, 29, 0, 0, 3466]
Robot Data: [50, 134, 3, 49, 20, 48, 2000, 0, 28, 28, 0, 0, 3467]
Robot Data: [55, 134, 3, 52, 19, 48, 2000, 0, 32, 32, 0, 0, 3468]
Robot Data: [62, 139, 3, 56, 18, 48, 2000, -303, 42, 31, 0, 0, 3469]
Robot Data: [62, 140, 3, 58, 17, 48, 2000, -606, 57, 27, 0, 0, 3470]
Robot Data: [63, 139, 4, 59, 17, 48, 2000, -909, 64, 22, 0, 0, 3471]
Robot Data: [66, 136, 5, 61, 17, 48, 2000, -1212, 79, 11, 0, 0, 3472]
Robot Data: [66, 124, 5, 59, 17, 48, 2000, -1515, 88, 5, 0, 0, 3473]
Robot Data: [70, 109, 3, 56, 18, 48, 2000, -1818, 88, 1, 0, 0, 3474]
Robot Data: [75, 95, 6, 51, 17, 48, 2000, -2121, 93, 6, 0, 0, 3475]
Robot Data: [96, 72, 6, 49, 18, 48, 2000, -2424, 91, 4, 0, 0, 3476]
Robot Data: [116, 63, 9, 45, 18, 48, 2000, -2727, 90, 7, 0, 0, 3477]
Robot Data: [118, 78, 8, 37, 19, 48, 2000, -3030, 87, 4, 0, 0, 3478]
Robot Data: [103, 74, 10, 19, 18, 48, 2000, -3108, 90, 10, 0, 0, 3479]
Robot Data: [97, 86, 13, 3, 19, 48, 2000, -3108, 84, 11, 0, 0, 3480]
Robot Data: [99, 101, 15, 1, 20, 48, 2000, -3108, 75, 13, 0, 0, 3481]
Robot Data: [97, 119, 18, 2, 20, 48, 2000, -3108, 72, 16, 0, 0, 3482]
Robot Data: [94, 139, 26, 3, 19, 48, 2000, -3108, 74, 21, 0, 0, 3483]
Robot Data: [90, 167, 32, 4, 20, 48, 2000, -3108, 73, 16, 0, 0, 3484]
Robot Data: [86, 209, 31, 6, 19, 48, 2000, -3108, 77, 20, 0, 0, 3485]
Robot Data: [77, 242, 26, 6, 20, 48, 2000, -3108, 76, 15, 0, 0, 3486]
Robot Data: [68, 218, 26, 9, 20, 48, 2000, -3108, 77, 13, 0, 0, 3487]
Robot Data: [42, 177, 25, 9, 20, 48, 2000, -3108, 81, 9, 0, 0, 3488]
Robot Data: [8, 159, 18, 11, 19, 48, 2000, -3108, 86, 12, 0, 0, 3489]
Robot Data: [7, 140, 14, 15, 20, 48, 2000, -3108, 82, 9, 0, 0, 3490]
Robot Data: [9, 107, 25, 16, 20, 48, 2000, -2805, 76, 15, 0, 0, 3491]
Robot Data: [10, 16, 51, 19, 20, 48, 2000, -2502, 66, 26, 0, 0, 3492]
Robot Data: [12, 0, 87, 22, 20, 48, 2000, -2199, 53, 38, 0, 0, 3493]
Robot Data: [16, 2, 135, 28, 21, 48, 2000, -1896, 42, 41, 0, 0, 3494]
Robot Data: [19, 3, 181, 32, 19, 48, 2000, -1593, 43, 55, 0, 0, 3495]
Robot Data: [22, 3, 219, 36, 19, 48, 2000, -1290, 38, 60, 0, 0, 3496]
Robot Data: [24, 4, 241, 37, 20, 48, 2000, -987, 32, 60, 0, 0, 3497]
Robot Data: [25, 5, 258, 37, 20, 48, 2000, -684, 33, 59, 0, 0, 3498]
Robot Data: [26, 5, 264, 37, 20, 48, 2000, -381, 33, 60, 0, 0, 3499]
Robot Data: [31, 4, 266, 40, 20, 48, 2000, -78, 35, 57, 0, 0, 3500]
Robot Data: [33, 5, 258, 43, 20, 48, 2000, 0, 40, 52, 0, 0, 3501]
Robot Data: [32, 6, 244, 45, 20, 48, 2000, 0, 47, 45, 0, 0, 3502]
Robot Data: [34, 6, 236, 47, 20, 49, 2000, 0, 52, 40, 0, 0, 3503]
Robot Data: [34, 6, 229, 49, 21, 49, 2000, 0, 47, 37, 0, 0, 3504]
Robot Data: [34, 5, 223, 50, 19, 49, 2000, 0, 56, 43, 0, 0, 3505]
Robot Data: [39, 6, 217, 54, 19, 49, 2000, 0, 55, 45, 0, 0, 3506]
Robot Data: [38, 7, 216, 56, 20, 49, 2000, 0, 50, 44, 0, 0, 3507]
Robot Data: [41, 7, 218, 57, 21, 49, 2000, 0, 46, 39, 0, 0, 3508]
Robot Data: [41, 8, 220, 60, 20, 49, 2000, 0, 48, 45, 0, 0, 3509]
Robot Data: [47, 8, 225, 62, 20, 49, 2000, 0, 46, 46, 0, 0, 3510]
Robot Data: [53, 9, 227, 65, 20, 49, 2000, 303, 37, 56, 0, 0, 3511]
Robot Data: [54, 11, 226, 68, 20, 49, 2000, 606, 30, 62, 0, 0, 3512]
Robot Data: [55, 12, 223, 70, 19, 49, 2000, 909, 23, 77, 0, 0, 3513]
Robot Data: [60, 12, 216, 76, 20, 49, 2000, 1212, 14, 80, 0, 0, 3514]
Robot Data: [58, 12, 195, 81, 20, 49, 2000, 1515, 7, 86, 0, 0, 3515]
Robot Data: [59, 11, 164, 88, 20, 49, 2000, 1818, 3, 91, 0, 0, 3516]
Robot Data: [57, 8, 130, 91, 19, 49, 2000, 2121, 7, 94, 0, 0, 3517]
Robot Data: [54, 5, 99, 88, 20, 49, 2000, 2424, 6, 89, 0, 0, 3518]
Robot Data: [49, 4, 110, 86, 19, 49, 2000, 2727, 10, 93, 0, 0, 3519]
Robot Data: [45, 4, 134, 84, 20, 49, 2000, 3030, 6, 90, 0, 0, 3520]
Robot Data: [38, 2, 140, 86, 20, 49, 2000, 3108, 10, 86, 0, 0, 3521]
Robot Data: [30, 2, 169, 85, 20, 49, 2000, 3108, 13, 82, 0, 0, 3522]
Robot Data: [21, 4, 195, 82, 20, 49, 2000, 3108, 16, 79, 0, 0, 3523]
Robot Data: [18, 3, 223, 80, 20, 49, 2000, 3108, 20, 76, 0, 0, 3524]
Robot Data: [12, 4, 268, 75, 21, 49, 2000, 3108, 15, 72, 0, 0, 3525]
Robot Data: [7, 5, 325, 67, 20, 49, 2000, 3108, 21, 74, 0, 0, 3526]
Robot Data: [6, 4, 331, 59, 21, 49, 2000, 3108, 15, 72, 0, 0, 3527]
Robot Data: [5, 2, 295, 51, 19, 49, 2000, 3108, 22, 79, 0, 0, 3528]
Robot Data: [2, 4, 262, 43, 21, 49, 2000, 3108, 13, 74, 0, 0, 3529]
Robot Data: [3, 4, 235, 31, 21, 49, 2000, 3108, 11, 75, 0, 0, 3530]
Robot Data: [4, 2, 220, 21, 19, 49, 2000, 3108, 14, 86, 0, 0, 3531]
Robot Data: [4, 2, 197, 13, 19, 49, 2000, 3108, 19, 82, 0, 0, 3532]
Robot Data: [5, 2, 165, 6, 21, 49, 2000, 2805, 16, 71, 0, 0, 3533]
Robot Data: [6, 1, 147, 4, 20, 49, 2000, 2502, 26, 67, 0, 0, 3534]
Robot Data: [7, 1, 122, 3, 20, 49, 2000, 2199, 38, 55, 0, 0, 3535]
Robot Data: [5, 3, 99, 4, 21, 49, 2000, 1896, 43, 43, 0, 0, 3536]
Robot Data: [7, 2, 80, 5, 19, 49, 2000, 1593, 56, 44, 0, 0, 3537]
Robot Data: [7, 2, 63, 5, 20, 49, 2000, 1290, 62, 32, 0, 0, 3538]
Robot Data: [3, 3, 54, 5, 20, 49, 2000, 987, 62, 31, 0, 0, 3539]
Robot Data: [4, 3, 47, 6, 20, 49, 2000, 684, 61, 32, 0, 0, 3540]
Robot Data: [3, 4, 45, 6, 20, 49, 2000, 381, 62, 32, 0, 0, 3541]
Robot Data: [5, 3, 46, 6, 20, 49, 2000, 78, 58, 36, 0, 0, 3542]
Robot Data: [3, 4, 46, 6, 20, 49, 2000, 0, 53, 41, 0, 0, 3543]
Robot Data: [5, 3, 53, 6, 20, 49, 2000, 0, 46, 48, 0, 0, 3544]
Robot Data: [8, 4, 53, 6, 20, 33, 2000, 0, 41, 53, 0, 0, 3545]
Robot Data: [8, 3, 53, 6, 20, 33, 2000, 0, 44, 50, 0, 0, 3546]
Robot Data: [10, 3, 57, 6, 20, 33, 2000, 0, 41, 52, 0, 0, 3547]
Robot Data: [11, 2, 56, 6, 19, 33, 2000, 0, 46, 56, 0, 0, 3548]
Robot Data: [11, 3, 54, 6, 20, 33, 2000, 0, 44, 50, 0, 0, 3549]
Robot Data: [15, 2, 56, 6, 20, 33, 2000, 0, 46, 49, 0, 0, 3550]
Robot Data: [13, 3, 53, 7, 20, 33, 2000, 0, 48, 47, 0, 0, 3551]
Robot Data: [15, 1, 53, 8, 22, 33, 2000, 303, 34, 45, 0, 0, 3552]
Robot Data: [16, 3, 49, 8, 20, 33, 2000, 606, 33, 59, 0, 0, 3553]
Robot Data: [15, 3, 47, 9, 19, 33, 2000, 909, 29, 71, 0, 0, 3554]
Robot Data: [12, 4, 49, 8, 20, 33, 2000, 1212, 19, 75, 0, 0, 3555]
Robot Data: [8, 4, 39, 9, 20, 33, 2000, 1515, 10, 83, 0, 0, 3556]
Robot Data: [6, 4, 36, 8, 20, 33, 2000, 1818, 4, 89, 0, 0, 3557]
Robot Data: [5, 4, 28, 9, 20, 33, 2000, 2121, 1, 94, 0, 0, 3558]
Robot Data: [3, 5, 19, 8, 19, 33, 2000, 2424, 6, 95, 0, 0, 3559]
Robot Data: [3, 5, 11, 8, 20, 33, 2000, 2727, 2, 92, 0, 0, 3560]
Robot Data: [4, 8, 7, 9, 20, 33, 2000, 3030, 2, 92, 0, 0, 3561]
Robot Data: [4, 7, 8, 6, 19, 33, 2000, 3108, 10, 92, 0, 0, 3562]
Robot Data: [2, 11, 12, 6, 20, 33, 2000, 3108, 12, 84, 0, 0, 3563]
Robot Data: [3, 17, 12, 14, 20, 33, 2000, 3108, 21, 75, 0, 0, 3564]
Robot Data: [4, 29, 13, 33, 21, 33, 2000, 3108, 15, 72, 0, 0, 3565]
Robot Data: [6, 99, 15, 24, 20, 33, 2000, 3108, 21, 74, 0, 0, 3566]
Robot Data: [9, 25, 17, 6, 21, 33, 2000, 3108, 15, 72, 0, 0, 3567]
Robot Data: [10, 23, 24, 3, 20, 33, 2000, 3108, 20, 73, 0, 0, 3568]
Robot Data: [12, 26, 35, 2, 20, 33, 2000, 3108, 16, 77, 0, 0, 3569]
Robot Data: [16, 30, 114, 4, 20, 33, 2000, 3108, 13, 81, 0, 0, 3570]
Robot Data: [19, 16, 16, 5, 20, 33, 2000, 3108, 13, 80, 0, 0, 3571]
Robot Data: [22, 21, 8, 5, 20, 33, 2000, 3108, 11, 82, 0, 0, 3572]
Robot Data: [29, 39, 6, 9, 21, 33, 2000, 3108, 6, 80, 0, 0, 3573]
Robot Data: [31, 69, 6, 11, 20, 33, 2000, 2805, 15, 77, 0, 0, 3574]
Robot Data: [45, 111, 5, 14, 20, 33, 2000, 2502, 24, 68, 0, 0, 3575]
Robot Data: [67, 162, 4, 18, 20, 33, 2000, 2199, 38, 54, 0, 0, 3576]
Robot Data: [47, 223, 4, 20, 20, 33, 2000, 1896, 50, 42, 0, 0, 3577]
Robot Data: [28, 269, 8, 29, 19, 33, 2000, 1593, 65, 35, 0, 0, 3578]
Robot Data: [35, 292, 6, 39, 20, 33, 2000, 1290, 68, 25, 0, 0, 3579]
Robot Data: [44, 296, 11, 47, 20, 33, 2000, 987, 65, 29, 0, 0, 3580]
Robot Data: [56, 296, 13, 49, 20, 33, 2000, 684, 63, 31, 0, 0, 3581]
Robot Data: [58, 296, 14, 51, 20, 33, 2000, 381, 58, 36, 0, 0, 3582]
Robot Data: [55, 294, 14, 52, 20, 33, 2000, 78, 54, 39, 0, 0, 3583]
Robot Data: [53, 294, 17, 53, 20, 33, 2000, 0, 51, 42, 0, 0, 3584]
Robot Data: [47, 295, 18, 54, 20, 33, 2000, 0, 44, 49, 0, 0, 3585]
Robot Data: [51, 295, 18, 56, 21, 32, 2000, 0, 37, 48, 0, 0, 3586]
Robot Data: [48, 294, 20, 57, 20, 32, 2000, -303, 49, 44, 0, 0, 3587]
Robot Data: [50, 292, 21, 59, 18, 32, 2000, -606, 65, 42, 0, 0, 3588]
Robot Data: [46, 291, 22, 60, 21, 32, 2000, -909, 63, 24, 0, 0, 3589]
Robot Data: [48, 287, 22, 65, 20, 32, 2000, -1212, 75, 18, 0, 0, 3590]
Robot Data: [49, 287, 25, 69, 19, 32, 2000, -1515, 87, 14, 0, 0, 3591]
Robot Data: [61, 277, 23, 72, 20, 32, 2000, -1818, 92, 3, 0, 0, 3592]
Robot Data: [102, 252, 20, 65, 20, 32, 2000, -2121, 97, 2, 0, 0, 3593]
Robot Data: [142, 212, 17, 61, 20, 32, 2000, -2424, 96, 1, 0, 0, 3594]
Robot Data: [162, 157, 10, 58, 19, 32, 2000, -2727, 97, 5, 0, 0, 3595]
Robot Data: [164, 108, 8, 53, 19, 32, 2000, -3030, 97, 7, 0, 0, 3596]
Robot Data: [129, 131, 6, 51, 20, 32, 2000, -3108, 90, 7, 0, 0, 3597]
Robot Data: [133, 129, 6, 47, 21, 32, 2000, -3108, 92, 3, 0, 0, 3598]
Robot Data: [133, 137, 8, 42, 20, 32, 2000, -3108, 97, 1, 0, 0, 3599]
Robot Data: [137, 168, 12, 35, 21, 32, 2000, -3108, 91, 3, 0, 0, 3600]
Robot Data: [139, 191, 11, 28, 20, 32, 2000, -3108, 84, 10, 0, 0, 3601]
Robot Data: [140, 219, 16, 21, 19, 32, 2000, -3108, 82, 20, 0, 0, 3602]
Robot Data: [134, 256, 31, 13, 20, 32, 2000, -3108, 72, 24, 0, 0, 3603]
Robot Data: [125, 432, 15, 8, 21, 32, 2000, -3108, 69, 19, 0, 0, 3604]
Robot Data: [112, 361, 13, 6, 20, 32, 2000, -3108, 74, 20, 0, 0, 3605]
Robot Data: [99, 297, 12, 5, 19, 32, 2000, -3108, 78, 24, 0, 0, 3606]
Robot Data: [88, 246, 16, 8, 21, 32, 2000, -3108, 73, 15, 0, 0, 3607]
Robot Data: [73, 231, 12, 9, 21, 32, 2000, -3108, 76, 11, 0, 0, 3608]
Robot Data: [58, 210, 12, 9, 20, 32, 2000, -2805, 76, 17, 0, 0, 3609]
Robot Data: [47, 194, 18, 10, 20, 32, 2000, -2502, 69, 24, 0, 0, 3610]
Robot Data: [29, 176, 34, 11, 20, 32, 2000, -2199, 58, 35, 0, 0, 3611]
Robot Data: [18, 152, 49, 16, 20, 32, 2000, -1896, 50, 43, 0, 0, 3612]
Robot Data: [6, 128, 67, 15, 21, 32, 2000, -1593, 42, 43, 0, 0, 3613]
Robot Data: [7, 112, 86, 22, 19, 32, 2000, -1290, 40, 60, 0, 0, 3614]
Robot Data: [11, 100, 98, 22, 20, 32, 2000, -987, 33, 61, 0, 0, 3615]
Robot Data: [12, 94, 108, 19, 20, 32, 2000, -684, 32, 62, 0, 0, 3616]
Robot Data: [16, 95, 114, 18, 20, 32, 2000, -381, 32, 62, 0, 0, 3617]
Robot Data: [18, 95, 114, 21, 20, 32, 2000, -78, 32, 62, 0, 0, 3618]
Robot Data: [17, 97, 108, 22, 20, 32, 2000, 0, 36, 58, 0, 0, 3619]
Robot Data: [14, 101, 103, 28, 20, 32, 2000, 0, 45, 49, 0, 0, 3620]
Robot Data: [14, 109, 94, 29, 20, 16, 2000, 0, 53, 40, 0, 0, 3621]
Robot Data: [14, 111, 86, 33, 20, 16, 2000, 0, 56, 38, 0, 0, 3622]
Robot Data: [11, 119, 83, 34, 20, 16, 2000, 0, 55, 38, 0, 0, 3623]
Robot Data: [12, 120, 79, 32, 19, 16, 2000, 0, 57, 44, 0, 0, 3624]
Robot Data: [13, 124, 81, 34, 20, 16, 2000, 0, 56, 39, 0, 0, 3625]
Robot Data: [15, 124, 82, 33, 20, 16, 2000, 0, 50, 45, 0, 0, 3626]
Robot Data: [15, 122, 81, 33, 21, 16, 2000, 0, 43, 44, 0, 0, 3627]
Robot Data: [21, 123, 83, 36, 20, 16, 2000, 0, 45, 49, 0, 0, 3628]
Robot Data: [23, 120, 85, 37, 20, 16, 2000, 0, 43, 50, 0, 0, 3629]
Robot Data: [25, 118, 86, 37, 20, 16, 2000, 0, 45, 48, 0, 0, 3630]
Robot Data: [28, 119, 86, 38, 20, 16, 2000, 0, 43, 50, 0, 0, 3631]
Robot Data: [30, 122, 85, 40, 20, 16, 2000, 0, 45, 48, 0, 0, 3632]
Robot Data: [31, 124, 83, 44, 20, 16, 2000, 0, 45, 48, 0, 0, 3633]
Robot Data: [30, 123, 78, 48, 21, 16, 2000, 0, 41, 44, 0, 0, 3634]
Robot Data: [37, 128, 76, 55, 20, 16, 2000, 0, 44, 48, 0, 0, 3635]
Robot Data: [34, 132, 75, 49, 20, 16, 2000, 0, 46, 46, 0, 0, 3636]
Robot Data: [37, 131, 72, 52, 19, 16, 2000, 0, 56, 44, 0, 0, 3637]
Robot Data: [41, 136, 72, 63, 19, 16, 2000, 0, 54, 48, 0, 0, 3638]
Robot Data: [44, 139, 70, 65, 20, 16, 2000, 0, 51, 44, 0, 0, 3639]
Robot Data: [51, 141, 74, 67, 20, 16, 2000, 0, 49, 46, 0, 0, 3640]
Robot Data: [54, 139, 73, 70, 20, 16, 2000, 0, 47, 48, 0, 0, 3641]
Robot Data: [59, 141, 76, 75, 20, 16, 2000, 0, 45, 49, 0, 0, 3642]
Robot Data: [63, 144, 82, 81, 20, 16, 2000, 0, 44, 51, 0, 0, 3643]
Robot Data: [67, 143, 84, 86, 20, 16, 2000, 0, 44, 51, 0, 0, 3644]
Robot Data: [75, 144, 90, 94, 20, 16, 2000, 0, 50, 45, 0, 0, 3645]
Robot Data: [76, 147, 97, 104, 20, 16, 2000, 0, 47, 48, 0, 0, 3646]
Robot Data: [82, 147, 100, 111, 20, 16, 2000, 0, 45, 49, 0, 0, 3647]
Robot Data: [87, 150, 106, 115, 21, 16, 2000, 0, 42, 45, 0, 0, 3648]
Robot Data: [90, 154, 106, 117, 20, 16, 2000, 0, 47, 46, 0, 0, 3649]
Robot Data: [96, 156, 108, 117, 20, 16, 2000, 0, 47, 47, 0, 0, 3650]
Robot Data: [100, 162, 106, 121, 20, 16, 2000, 0, 49, 45, 0, 0, 3651]
Robot Data: [109, 161, 104, 127, 20, 16, 2000, 0, 50, 43, 0, 0, 3652]
Robot Data: [110, 163, 106, 134, 20, 16, 2000, 0, 50, 43, 0, 0, 3653]
Robot Data: [118, 166, 112, 139, 20, 16, 1720, 0, 37, 26, 0, 0, 3654]
Robot Data: [122, 170, 122, 150, 19, 16, 1440, 0, 19, 17, 0, 0, 3655]
Robot Data: [130, 168, 129, 160, 16, 16, 1160, 0, 12, 12, 0, 0, 3656]
Robot Data: [136, 166, 142, 169, 14, 16, 880, 0, 3, 0, 0, 0, 3657]
Robot Data: [140, 167, 152, 179, 12, 16, 600, 0, 6, 5, 0, 0, 3658]
Robot Data: [146, 168, 170, 192, 15, 16, 300, 0, 6, 3, 0, 0, 3660]
Robot Data: [148, 170, 180, 203, 10, 16, 300, 0, 7, 10, 0, 0, 3663]
Robot Data: [154, 175, 191, 214, 11, 16, 300, 0, 16, 12, 0, 0, 3670]
Robot Data: [161, 178, 208, 227, 11, 16, 300, 0, 16, 16, 0, 0, 3675]
Robot Data: [166, 185, 227, 244, 11, 16, 300, 0, 17, 10, 0, 0, 3679]
Robot Data: [176, 199, 232, 257, 11, 16, 300, 0, 14, 14, 0, 0, 3683]
Robot Data: [181, 209, 245, 266, 10, 16, 300, 0, 14, 13, 0, 0, 3686]
Robot Data: [190, 217, 267, 288, 13, 16, 300, 0, 7, 12, 0, 0, 3690]
Robot Data: [198, 226, 284, 304, 12, 16, 300, 0, 13, 13, 0, 0, 3694]
Robot Data: [208, 228, 300, 321, 11, 16, 300, 0, 19, 8, 0, 0, 3698]
Robot Data: [219, 223, 303, 336, 12, 16, 300, 0, 7, 13, 0, 0, 3702]
End Buffer
